32	51	0.28300000000000003
32	47	0.6970000000000001
32	13	0.42
32	42	0.319
32	36	0.185
32	85	0.354
32	40	0.194
32	111	0.319
32	33	0.522
32	100	0.34600000000000003
32	44	0.287
32	16	0.39
32	21	0.527
32	19	0.151
32	91	0.239
32	112	0.495
32	105	0.171
32	0	0.272
32	10	0.312
32	4	0.491
32	86	0.19
32	89	0.409
32	6	0.48
32	39	0.491
32	99	0.723
32	58	0.162
32	7	0.5760000000000001
32	2	0.43
32	77	0.161
32	5	0.193
32	17	0.517
32	15	0.219
32	56	0.362
32	23	0.297
32	90	0.316
32	109	0.234
32	38	0.345
32	3	0.507
32	71	0.447
32	101	0.53
32	96	0.192
32	66	0.189
32	97	0.198
32	37	0.465
32	53	0.333
32	26	0.35200000000000004
32	11	0.279
32	27	0.276
32	72	0.315
32	35	0.196
32	25	0.594
32	102	0.34600000000000003
32	41	0.307
32	1	0.487
32	57	0.181
32	9	0.609
32	103	0.408
32	30	0.398
32	8	0.424
32	78	0.457
32	81	0.159
18	91	0.16699999999999998
18	112	0.306
18	10	0.171
18	105	0.16899999999999998
18	108	0.194
18	4	0.25
18	107	0.161
18	39	0.765
18	6	0.305
18	99	0.304
18	31	0.342
18	7	0.307
18	2	0.21
18	102	0.16
18	17	0.408
18	23	0.215
18	56	0.231
18	101	0.407
18	3	0.277
18	71	0.321
18	66	0.188
18	26	0.275
18	53	0.215
18	41	0.48
18	27	0.247
18	1	0.236
18	29	0.185
18	9	0.333
18	75	0.229
18	30	0.246
18	103	0.165
18	90	0.483
18	8	0.28600000000000003
18	78	0.258
18	51	0.185
18	85	0.205
18	13	0.277
18	42	0.2
18	47	0.738
18	111	0.277
18	100	0.206
18	33	0.154
18	21	0.304
18	44	0.161
18	16	0.215
18	28	0.408
90	91	0.277
90	19	0.7020000000000001
90	32	0.316
90	112	0.551
90	59	0.25
90	0	0.24
90	105	0.151
90	10	0.597
90	86	0.224
90	52	0.172
90	39	0.37
90	4	0.34700000000000003
90	6	0.407
90	99	0.483
90	24	0.648
90	89	0.488
90	31	0.187
90	58	0.188
90	74	0.18600000000000005
90	7	0.462
90	38	0.307
90	77	0.16899999999999998
90	63	0.21
90	18	0.483
90	2	0.361
90	98	0.184
90	17	0.664
90	80	0.183
90	56	0.6409999999999999
90	23	0.327
90	5	0.174
90	3	0.385
90	71	0.725
90	37	0.281
90	96	0.24
90	101	0.531
90	66	0.192
90	53	0.34
90	26	0.424
90	11	0.472
90	27	0.277
90	25	0.368
90	102	0.243
90	35	0.358
90	68	0.304
90	92	0.177
90	1	0.217
90	41	0.31
90	14	0.289
90	29	0.287
90	57	0.239
90	20	0.468
90	9	0.5529999999999999
90	75	0.162
90	103	0.215
90	30	0.307
90	81	0.483
90	55	0.392
90	8	0.403
90	78	0.708
90	51	0.327
90	34	0.32299999999999995
90	36	0.5329999999999999
90	94	0.318
90	93	0.374
90	85	0.276
90	42	0.6629999999999999
90	13	0.447
90	47	0.726
90	100	0.159
90	111	0.369
90	87	0.16899999999999998
90	84	0.33
90	16	0.408
90	33	0.472
90	44	0.324
90	28	0.703
90	21	0.439
67	16	0.339
67	44	0.34700000000000003
67	91	0.337
67	105	0.8220000000000001
67	112	0.705
67	59	0.355
67	0	0.175
67	19	0.16699999999999998
67	52	0.716
67	4	0.375
67	24	0.278
67	99	0.342
67	39	0.28
67	6	0.279
67	58	0.277
67	33	0.16899999999999998
67	56	0.305
67	7	0.187
67	77	0.8290000000000001
67	63	0.188
67	17	0.258
67	23	0.38
67	13	0.185
67	3	0.206
67	71	0.365
67	38	0.449
67	96	0.252
67	101	0.345
67	66	0.374
67	97	0.441
67	82	0.451
67	53	0.199
67	27	0.396
67	11	0.277
67	35	0.977
67	1	0.343
67	41	0.441
67	14	0.355
67	42	0.248
67	103	0.505
67	57	0.21
67	20	0.171
67	9	0.151
67	60	0.237
67	55	0.15
67	78	0.501
67	8	0.7340000000000001
67	12	0.964
67	36	0.25
67	85	0.722
67	84	0.215
67	111	0.489
67	47	0.44
67	87	0.491
86	51	0.442
86	26	0.15
86	53	0.625
86	102	0.277
86	35	0.304
86	41	0.364
86	57	0.305
86	103	0.187
86	78	0.341
86	81	0.304
86	97	0.16899999999999998
86	12	0.21
86	91	0.345
86	0	0.161
86	105	0.181
86	52	0.211
86	4	0.159
86	99	0.574
86	39	0.4
86	6	0.198
86	24	0.447
86	2	0.241
86	77	0.229
86	109	0.206
86	3	0.205
86	66	0.504
86	11	0.304
86	1	0.19
86	75	0.177
86	20	0.228
86	9	0.3720000000000001
86	60	0.204
86	55	0.183
86	90	0.224
86	8	0.4
86	100	0.177
86	13	0.363
86	87	0.244
86	111	0.44
86	59	0.344
86	44	0.304
86	21	0.205
86	112	0.63
86	32	0.19
86	10	0.157
86	19	0.211
86	89	0.15
86	58	0.277
86	7	0.277
86	63	0.15
86	17	0.575
86	101	0.578
86	80	0.16399999999999998
86	56	0.43
86	23	0.305
86	96	0.28300000000000003
86	71	0.544
86	38	0.338
86	36	0.373
86	85	0.189
86	42	0.481
86	47	0.442
86	33	0.342
86	28	0.205
97	15	0.253
97	91	0.382
97	67	0.441
97	112	0.926
97	59	0.711
97	46	0.189
97	32	0.198
97	0	0.183
97	105	0.728
97	19	0.183
97	23	0.275
97	64	0.161
97	52	0.823
97	86	0.16899999999999998
97	4	0.16899999999999998
97	24	0.338
97	88	0.38
97	99	0.482
97	39	0.407
97	58	0.693
97	108	0.473
97	7	0.215
97	77	0.444
97	63	0.205
97	2	0.243
97	17	0.695
97	80	0.181
97	56	0.384
97	50	0.188
97	109	0.22
97	101	0.524
97	71	0.508
97	3	0.274
97	96	0.561
97	38	0.408
97	66	0.345
97	53	0.373
97	11	0.409
97	102	0.277
97	35	0.575
97	41	0.44
97	29	0.4920000000000001
97	75	0.159
97	20	0.225
97	57	0.415
97	9	0.28
97	60	0.274
97	103	0.66
97	55	0.188
97	37	0.159
97	78	0.303
97	8	0.718
97	51	0.277
97	47	0.505
97	12	0.455
97	36	0.393
97	40	0.443
97	42	0.53
97	13	0.3670000000000001
97	100	0.212
97	111	0.675
97	87	0.823
97	84	0.165
97	16	0.542
97	33	0.6729999999999999
97	28	0.204
97	44	0.364
97	21	0.205
28	91	0.364
28	38	0.392
28	71	0.51
28	57	0.312
28	105	0.304
28	66	0.379
28	96	0.181
28	101	0.628
28	97	0.204
28	82	0.171
28	112	0.574
28	26	0.4970000000000001
28	59	0.19
28	10	0.38
28	27	0.441
28	53	0.495
28	46	0.151
28	48	0.194
28	0	0.321
28	107	0.205
28	25	0.753
28	19	0.229
28	35	0.319
28	102	0.442
28	52	0.212
28	86	0.205
28	6	0.63
28	4	0.505
28	41	0.628
28	76	0.364
28	39	0.659
28	1	0.487
28	24	0.15
28	99	0.659
28	89	0.443
28	29	0.579
28	75	0.161
28	108	0.321
28	58	0.165
28	20	0.15
28	9	0.7140000000000001
28	70	0.17
28	7	0.659
28	103	0.41
28	30	0.531
28	55	0.199
28	18	0.408
28	63	0.211
28	2	0.441
28	77	0.277
28	90	0.703
28	78	0.63
28	8	0.573
28	51	0.4
28	34	0.16699999999999998
28	17	0.6679999999999999
28	80	0.194
28	13	0.525
28	56	0.47
28	22	0.181
28	5	0.204
28	85	0.34700000000000003
28	40	0.15
28	15	0.504
28	23	0.443
28	42	0.408
28	93	0.374
28	47	0.8170000000000001
28	69	0.159
28	111	0.531
28	49	0.16899999999999998
28	100	0.255
28	33	0.7090000000000001
28	44	0.414
28	21	0.63
28	109	0.161
28	16	0.5770000000000001
28	3	0.52
19	103	0.398
19	91	0.342
19	38	0.342
19	71	0.7140000000000001
19	96	0.16899999999999998
19	101	0.628
19	97	0.183
19	66	0.4320000000000001
19	67	0.16699999999999998
19	53	0.504
19	112	0.579
19	26	0.5329999999999999
19	32	0.151
19	59	0.16699999999999998
19	27	0.5720000000000001
19	46	0.156
19	11	0.642
19	10	0.343
19	0	0.26
19	105	0.305
19	102	0.442
19	35	0.338
19	25	0.647
19	39	0.8240000000000001
19	7	0.7140000000000001
19	52	0.21
19	86	0.211
19	1	0.487
19	4	0.531
19	107	0.252
19	76	0.394
19	6	0.63
19	41	0.6629999999999999
19	89	0.491
19	24	0.156
19	99	0.6579999999999999
19	29	0.6579999999999999
19	57	0.304
19	108	0.398
19	20	0.163
19	75	0.151
19	9	0.71
19	30	0.574
19	55	0.211
19	63	0.185
19	3	0.525
19	2	0.44
19	78	0.628
19	90	0.7020000000000001
19	77	0.29
19	81	0.159
19	8	0.575
19	51	0.407
19	17	0.6609999999999999
19	80	0.188
19	56	0.447
19	5	0.211
19	36	0.174
19	22	0.151
19	85	0.366
19	23	0.441
19	40	0.24
19	42	0.436
19	93	0.374
19	47	0.862
19	13	0.531
19	69	0.211
19	111	0.505
19	100	0.258
19	33	0.184
19	49	0.2
19	109	0.151
19	44	0.379
19	28	0.229
19	16	0.579
19	21	0.6579999999999999
81	91	0.25
81	32	0.159
81	112	0.838
81	59	0.16699999999999998
81	19	0.159
81	86	0.304
81	39	0.366
81	99	0.48
81	24	0.25
81	58	0.189
81	108	0.161
81	17	0.754
81	101	0.449
81	56	0.248
81	23	0.197
81	96	0.5429999999999999
81	109	0.153
81	71	0.7979999999999999
81	53	0.273
81	60	0.18600000000000005
81	11	0.151
81	102	0.16699999999999998
81	35	0.151
81	41	0.24
81	29	0.185
81	57	0.151
81	20	0.17600000000000002
81	9	0.207
81	36	0.191
81	51	0.343
81	78	0.515
81	90	0.483
81	8	0.197
81	40	0.483
81	13	0.165
81	42	0.368
81	47	0.365
81	111	0.238
81	44	0.161
81	33	0.221
48	66	0.189
48	101	0.193
48	50	0.988
48	71	0.294
48	11	0.211
48	102	0.514
48	53	0.441
48	41	0.215
48	9	0.235
48	103	0.159
48	36	0.195
48	55	0.156
48	45	0.17
48	8	0.239
48	51	0.247
48	22	0.237
48	42	0.193
48	47	0.34
48	13	0.15
48	100	0.204
48	44	0.246
48	111	0.927
48	28	0.194
48	21	0.215
48	23	0.16899999999999998
48	56	0.928
48	91	0.206
48	105	0.203
48	112	0.35100000000000003
48	46	0.215
48	39	0.25
48	107	0.262
48	76	0.161
48	88	0.272
48	24	0.231
48	6	0.211
48	99	0.415
48	70	0.235
48	7	0.203
48	2	0.162
48	17	0.162
91	56	0.973
91	40	0.151
91	93	0.161
91	111	0.847
91	44	0.499
91	19	0.342
91	59	0.903
91	112	0.918
91	32	0.239
91	46	0.408
91	10	0.17
91	89	0.151
91	7	0.38
91	80	0.277
91	71	0.894
91	38	0.698
91	96	0.774
91	97	0.382
91	26	0.188
91	53	0.97
91	57	0.792
91	41	0.655
91	85	0.931
91	5	0.304
91	105	0.491
91	0	0.183
91	52	0.502
91	6	0.341
91	70	0.192
91	18	0.16699999999999998
91	14	0.277
91	83	0.589
91	11	0.442
91	48	0.206
91	1	0.925
91	92	0.539
91	20	0.341
91	75	0.412
91	90	0.277
91	43	0.221
91	22	0.52
91	13	0.682
91	87	0.48
91	100	0.278
91	21	0.63
91	16	0.277
91	67	0.337
91	107	0.443
91	76	0.443
91	58	0.981
91	31	0.151
91	108	0.304
91	63	0.412
91	17	0.8220000000000001
91	23	0.715
91	50	0.188
91	101	0.7170000000000001
91	27	0.161
91	25	0.256
91	68	0.189
91	35	0.505
91	102	0.629
91	103	0.491
91	79	0.906
91	45	0.244
91	37	0.171
91	36	0.6679999999999999
91	34	0.15
91	81	0.25
91	78	0.532
91	51	0.542
91	12	0.48
91	47	0.821
91	42	0.8909999999999999
91	84	0.971
91	28	0.364
91	95	0.182
91	86	0.345
91	24	0.589
91	4	0.271
91	99	0.908
91	39	0.823
91	2	0.305
91	77	0.53
91	15	0.277
91	49	0.205
91	109	0.3670000000000001
91	3	0.339
91	66	0.67
91	29	0.242
91	9	0.489
91	60	0.594
91	55	0.6579999999999999
91	8	0.8140000000000001
91	33	0.442
91	94	0.153
58	83	0.41
58	11	0.294
58	92	0.3670000000000001
58	1	0.913
58	20	0.21
58	28	0.165
58	47	0.664
58	42	0.481
58	84	0.938
58	91	0.981
58	55	0.515
58	109	0.159
58	3	0.272
58	60	0.633
58	9	0.341
58	8	0.483
58	111	0.44
58	44	0.28300000000000003
58	112	0.828
58	59	0.83
58	32	0.162
58	10	0.173
58	7	0.304
58	56	0.642
58	80	0.16899999999999998
58	71	0.777
58	38	0.38
58	96	0.71
58	97	0.693
58	53	0.29
58	41	0.277
58	57	0.364
58	85	0.929
58	33	0.264
58	36	0.304
58	90	0.188
58	13	0.614
58	87	0.442
58	16	0.19
58	100	0.219
58	21	0.181
58	67	0.277
58	63	0.191
58	17	0.536
58	23	0.312
58	101	0.7829999999999999
58	12	0.442
58	102	0.15
58	35	0.508
58	37	0.15
58	79	0.929
58	103	0.927
58	78	0.629
58	81	0.189
58	51	0.319
58	6	0.2
58	52	0.377
58	105	0.345
58	95	0.155
58	86	0.277
58	39	0.336
58	99	0.509
58	24	0.6779999999999999
58	2	0.519
58	77	0.535
58	15	0.182
29	71	0.407
29	53	0.424
29	91	0.242
29	38	0.277
29	97	0.4920000000000001
29	101	0.491
29	66	0.373
29	59	0.159
29	112	0.43
29	26	0.398
29	102	0.298
29	10	0.28800000000000003
29	27	0.277
29	0	0.239
29	35	0.268
29	19	0.6579999999999999
29	105	0.304
29	25	0.329
29	4	0.408
29	52	0.198
29	24	0.152
29	1	0.306
29	76	0.16699999999999998
29	41	0.63
29	39	0.6579999999999999
29	99	0.442
29	6	0.441
29	108	0.407
29	31	0.444
29	64	0.163
29	57	0.242
29	100	0.205
29	9	0.504
29	7	0.503
29	75	0.23
29	103	0.24
29	30	0.375
29	37	0.154
29	81	0.185
29	18	0.185
29	2	0.38
29	77	0.215
29	90	0.287
29	8	0.447
29	78	0.388
29	51	0.304
29	42	0.327
29	56	0.305
29	40	0.162
29	85	0.313
29	23	0.159
29	5	0.171
29	47	0.6509999999999999
29	13	0.442
29	69	0.213
29	111	0.305
29	21	0.442
29	49	0.237
29	16	0.306
29	44	0.277
29	28	0.579
29	3	0.443
69	112	0.34
69	89	0.215
69	4	0.241
69	19	0.211
69	105	0.181
69	76	0.66
69	39	0.32299999999999995
69	99	0.35
69	24	0.258
69	77	0.165
69	70	0.6579999999999999
69	7	0.161
69	74	0.16899999999999998
69	73	0.248
69	17	0.16899999999999998
69	80	0.591
69	56	0.208
69	23	0.551
69	29	0.213
69	66	0.304
69	101	0.392
69	38	0.151
69	71	0.4970000000000001
69	11	0.485
69	53	0.251
69	72	0.525
69	102	0.16899999999999998
69	25	0.161
69	41	0.342
69	78	0.151
69	57	0.187
69	9	0.229
69	75	0.376
69	103	0.573
69	47	0.406
69	8	0.294
69	51	0.18600000000000005
69	22	0.703
69	36	0.424
69	111	0.403
69	33	0.241
69	16	0.161
69	44	0.248
69	28	0.159
36	42	0.924
36	62	0.165
36	22	0.183
36	85	0.484
36	13	0.768
36	47	0.731
36	87	0.256
36	111	0.708
36	84	0.16699999999999998
36	100	0.946
36	33	0.173
36	21	0.6709999999999999
36	44	0.632
36	16	0.153
36	94	0.802
36	82	0.199
36	91	0.6679999999999999
36	67	0.25
36	46	0.22
36	112	0.8220000000000001
36	59	0.6
36	32	0.185
36	4	0.545
36	0	0.412
36	10	0.458
36	105	0.448
36	19	0.174
36	107	0.303
36	52	0.345
36	86	0.373
36	99	0.8029999999999999
36	76	0.28600000000000003
36	39	0.8290000000000001
36	6	0.662
36	24	0.179
36	89	0.589
36	108	0.29
36	58	0.304
36	106	0.161
36	7	0.763
36	70	0.257
36	2	0.779
36	63	0.47
36	77	0.409
36	17	0.252
36	80	0.304
36	56	0.682
36	23	0.513
36	15	0.28300000000000003
36	5	0.422
36	69	0.424
36	110	0.161
36	49	0.181
36	3	0.654
36	109	0.386
36	71	0.845
36	38	0.515
36	101	0.8490000000000001
36	96	0.322
36	97	0.393
36	66	0.505
36	25	0.213
36	53	0.7070000000000001
36	11	0.94
36	27	0.33
36	48	0.195
36	102	0.522
36	35	0.643
36	92	0.151
36	41	0.669
36	1	0.407
36	14	0.252
36	61	0.2
36	57	0.669
36	20	0.187
36	60	0.173
36	9	0.85
36	75	0.344
36	103	0.504
36	30	0.44
36	45	0.24
36	55	0.453
36	90	0.5329999999999999
36	8	0.73
36	81	0.191
36	78	0.7090000000000001
36	51	0.636
36	12	0.227
35	63	0.502
35	30	0.151
35	91	0.505
35	0	0.307
35	105	0.91
35	77	0.8759999999999999
35	39	0.7
35	52	0.7070000000000001
35	86	0.304
35	4	0.307
35	24	0.703
35	6	0.34700000000000003
35	99	0.87
35	64	0.193
35	2	0.575
35	90	0.358
35	8	0.965
35	43	0.151
35	94	0.201
35	22	0.239
35	40	0.285
35	13	0.63
35	111	0.82
35	87	0.63
35	23	0.629
35	100	0.499
35	44	0.63
35	21	0.453
35	16	0.242
35	67	0.977
35	112	0.901
35	59	0.579
35	32	0.196
35	46	0.341
35	10	0.168
35	19	0.338
35	98	0.182
35	17	0.826
35	80	0.277
35	56	0.685
35	103	0.718
35	50	0.161
35	38	0.8220000000000001
35	71	0.7959999999999999
35	96	0.449
35	101	0.82
35	97	0.575
35	53	0.826
35	26	0.271
35	25	0.248
35	72	0.222
35	27	0.311
35	65	0.277
35	41	0.736
35	102	0.5379999999999999
35	57	0.794
35	79	0.171
35	45	0.183
35	37	0.191
35	33	0.631
35	78	0.843
35	81	0.151
35	51	0.531
35	12	0.984
35	85	0.366
35	36	0.643
35	42	0.826
35	47	0.866
35	84	0.305
35	5	0.16
35	15	0.306
35	49	0.309
35	110	0.163
35	3	0.7
35	83	0.171
35	109	0.35100000000000003
35	66	0.634
35	11	0.642
35	92	0.204
35	29	0.268
35	1	0.284
35	14	0.4970000000000001
35	28	0.319
35	20	0.406
35	9	0.653
35	60	0.345
35	75	0.34600000000000003
35	55	0.369
35	107	0.443
35	76	0.183
35	89	0.215
35	31	0.194
35	108	0.256
35	58	0.508
35	7	0.504
17	91	0.8220000000000001
17	0	0.519
17	105	0.503
17	95	0.512
17	86	0.575
17	52	0.446
17	4	0.5429999999999999
17	39	0.898
17	6	0.6629999999999999
17	99	0.931
17	24	0.948
17	64	0.24
17	74	0.15
17	70	0.211
17	18	0.408
17	77	0.491
17	2	0.851
17	5	0.34700000000000003
17	15	0.45
17	69	0.16899999999999998
17	110	0.151
17	49	0.271
17	83	0.408
17	109	0.459
17	66	0.5489999999999999
17	3	0.718
17	11	0.499
17	48	0.162
17	92	0.195
17	1	0.493
17	14	0.194
17	9	0.893
17	20	0.268
17	60	0.441
17	75	0.35600000000000004
17	55	0.495
17	90	0.664
17	8	0.916
17	43	0.165
17	62	0.171
17	94	0.179
17	40	0.276
17	22	0.206
17	93	0.152
17	13	0.845
17	111	0.78
17	87	0.639
17	100	0.938
17	44	0.66
17	16	0.153
17	21	0.6970000000000001
17	67	0.258
17	112	0.974
17	59	0.639
17	32	0.517
17	46	0.305
17	10	0.498
17	19	0.6609999999999999
17	76	0.304
17	107	0.426
17	31	0.6629999999999999
17	89	0.575
17	58	0.536
17	108	0.445
17	7	0.7879999999999999
17	63	0.44
17	98	0.163
17	80	0.343
17	56	0.848
17	23	0.795
17	38	0.82
17	50	0.161
17	71	0.946
17	101	0.936
17	96	0.584
17	26	0.574
17	97	0.695
17	82	0.4920000000000001
17	68	0.212
17	53	0.883
17	27	0.343
17	35	0.826
17	25	0.574
17	65	0.213
17	102	0.961
17	41	0.7340000000000001
17	61	0.215
17	57	0.6809999999999999
17	79	0.248
17	103	0.5760000000000001
17	30	0.408
17	45	0.359
17	81	0.754
17	78	0.7490000000000001
17	51	0.828
17	34	0.602
17	12	0.44
17	85	0.5720000000000001
17	36	0.252
17	47	0.911
17	42	0.929
17	84	0.388
17	28	0.6679999999999999
26	91	0.188
26	6	0.3720000000000001
26	0	0.181
26	112	0.442
26	59	0.16699999999999998
26	32	0.35200000000000004
26	10	0.21600000000000005
26	105	0.206
26	19	0.5329999999999999
26	39	0.417
26	4	0.39
26	86	0.15
26	24	0.637
26	99	0.443
26	89	0.595
26	31	0.33
26	108	0.15
26	77	0.185
26	7	0.442
26	2	0.34600000000000003
26	18	0.275
26	56	0.339
26	17	0.574
26	23	0.28600000000000003
26	71	0.399
26	3	0.364
26	38	0.276
26	96	0.151
26	101	0.441
26	66	0.26
26	57	0.165
26	53	0.305
26	27	0.276
26	35	0.271
26	25	0.715
26	102	0.25
26	41	0.373
26	1	0.205
26	29	0.398
26	9	0.541
26	20	0.152
26	75	0.152
26	30	0.28800000000000003
26	103	0.19
26	90	0.424
26	55	0.159
26	78	0.378
26	8	0.369
26	51	0.277
26	34	0.215
26	12	0.165
26	85	0.416
26	47	0.659
26	13	0.41
26	42	0.256
26	111	0.38
26	84	0.21
26	33	0.551
26	44	0.235
26	16	0.38
26	28	0.4970000000000001
26	21	0.422
37	97	0.159
37	52	0.188
37	24	0.161
37	91	0.171
37	0	0.39
37	112	0.406
37	32	0.465
37	105	0.303
37	10	0.33
37	66	0.252
37	7	0.526
37	99	0.383
37	39	0.45
37	6	0.483
37	31	0.185
37	4	0.395
37	108	0.17
37	58	0.15
37	77	0.204
37	2	0.321
37	5	0.18600000000000005
37	56	0.28
37	15	0.262
37	23	0.213
37	101	0.532
37	96	0.162
37	71	0.35600000000000004
37	3	0.459
37	38	0.226
37	30	0.407
37	27	0.275
37	53	0.277
37	102	0.18
37	11	0.154
37	35	0.191
37	25	0.495
37	103	0.205
37	29	0.154
37	41	0.481
37	1	0.34700000000000003
37	57	0.187
37	9	0.5589999999999999
37	47	0.685
37	90	0.281
37	78	0.442
37	8	0.409
37	13	0.458
37	34	0.192
37	51	0.215
37	42	0.322
37	85	0.32299999999999995
37	111	0.328
37	44	0.213
37	16	0.4
37	21	0.45
0	38	0.214
0	71	0.35
0	91	0.183
0	101	0.937
0	67	0.175
0	97	0.183
0	9	0.914
0	59	0.187
0	112	0.429
0	26	0.181
0	32	0.272
0	53	0.303
0	11	0.392
0	27	0.909
0	10	0.925
0	19	0.26
0	35	0.307
0	25	0.918
0	102	0.161
0	86	0.161
0	52	0.228
0	4	0.931
0	6	0.978
0	1	0.909
0	41	0.215
0	39	0.28800000000000003
0	24	0.948
0	14	0.261
0	99	0.31
0	29	0.239
0	31	0.214
0	89	0.246
0	108	0.17
0	57	0.292
0	20	0.44
0	7	0.977
0	103	0.16699999999999998
0	30	0.927
0	37	0.39
0	2	0.921
0	90	0.24
0	78	0.941
0	8	0.305
0	51	0.25
0	34	0.908
0	17	0.519
0	56	0.256
0	94	0.263
0	42	0.637
0	36	0.412
0	15	0.471
0	85	0.909
0	5	0.247
0	13	0.949
0	47	0.26
0	111	0.211
0	33	0.412
0	28	0.321
0	21	0.943
0	16	0.913
0	3	0.91
82	59	0.491
82	67	0.451
82	112	0.16899999999999998
82	24	0.515
82	6	0.422
82	7	0.622
82	17	0.4920000000000001
82	71	0.194
82	1	0.229
82	20	0.257
82	9	0.529
82	8	0.162
82	78	0.35600000000000004
82	36	0.199
82	94	0.17600000000000002
82	85	0.8029999999999999
82	111	0.31
82	28	0.171
111	70	0.575
111	39	0.929
111	6	0.489
111	99	0.977
111	24	0.825
111	64	0.28800000000000003
111	106	0.161
111	74	0.193
111	18	0.277
111	2	0.394
111	77	0.6579999999999999
111	5	0.215
111	15	0.407
111	69	0.403
111	49	0.25
111	83	0.213
111	109	0.443
111	3	0.38
111	66	0.873
111	11	0.6709999999999999
111	48	0.927
111	92	0.304
111	1	0.32299999999999995
111	14	0.51
111	29	0.305
111	20	0.493
111	9	0.8370000000000001
111	60	0.341
111	75	0.595
111	55	0.5760000000000001
111	8	0.995
111	90	0.369
111	43	0.364
111	94	0.307
111	62	0.16899999999999998
111	22	0.716
111	40	0.264
111	93	0.206
111	13	0.546
111	87	0.509
111	44	0.92
111	100	0.784
111	16	0.501
111	21	0.489
111	67	0.489
111	36	0.708
111	85	0.419
111	42	0.895
111	47	0.979
111	84	0.364
111	33	0.6629999999999999
111	28	0.531
111	46	0.531
111	112	0.966
111	59	0.504
111	32	0.319
111	10	0.234
111	19	0.505
111	107	0.54
111	76	0.662
111	89	0.475
111	108	0.38
111	31	0.199
111	58	0.44
111	7	0.6579999999999999
111	63	0.8270000000000001
111	17	0.78
111	80	0.47
111	56	0.995
111	23	0.938
111	71	0.965
111	50	0.935
111	96	0.441
111	38	0.797
111	101	0.898
111	97	0.675
111	82	0.31
111	26	0.38
111	53	0.956
111	27	0.304
111	72	0.305
111	35	0.82
111	25	0.491
111	65	0.2
111	68	0.171
111	102	0.736
111	41	0.996
111	61	0.254
111	57	0.74
111	91	0.847
111	0	0.211
111	105	0.981
111	4	0.442
111	52	0.575
111	86	0.44
111	79	0.213
111	54	0.16699999999999998
111	103	0.936
111	30	0.306
111	37	0.328
111	45	0.552
111	81	0.238
111	78	0.774
111	51	0.8909999999999999
111	34	0.16899999999999998
111	12	0.674
77	23	0.505
77	91	0.53
77	105	0.92
77	52	0.708
77	86	0.229
77	4	0.243
77	6	0.19
77	39	0.7140000000000001
77	99	0.574
77	24	0.471
77	2	0.205
77	15	0.187
77	69	0.165
77	83	0.303
77	3	0.252
77	66	0.531
77	92	0.245
77	11	0.305
77	1	0.23
77	14	0.23
77	29	0.215
77	20	0.321
77	9	0.343
77	60	0.424
77	75	0.196
77	55	0.205
77	90	0.16899999999999998
77	8	0.895
77	40	0.206
77	13	0.338
77	87	0.787
77	111	0.6579999999999999
77	44	0.503
77	100	0.204
77	16	0.254
77	21	0.238
77	67	0.8290000000000001
77	19	0.29
77	112	0.823
77	59	0.6579999999999999
77	32	0.161
77	107	0.159
77	76	0.21
77	63	0.305
77	98	0.165
77	17	0.491
77	80	0.252
77	56	0.481
77	71	0.63
77	38	0.71
77	96	0.426
77	101	0.573
77	97	0.444
77	26	0.185
77	53	0.364
77	27	0.273
77	102	0.238
77	25	0.232
77	35	0.8759999999999999
77	41	0.629
77	57	0.408
77	79	0.161
77	103	0.7190000000000001
77	30	0.159
77	37	0.204
77	78	0.7
77	51	0.345
77	12	0.982
77	36	0.409
77	85	0.365
77	42	0.441
77	47	0.703
77	84	0.34
77	33	0.443
77	28	0.277
77	89	0.188
77	108	0.272
77	31	0.15
77	58	0.535
77	7	0.366
102	105	0.343
102	91	0.629
102	46	0.892
102	112	0.981
102	59	0.204
102	32	0.34600000000000003
102	10	0.215
102	0	0.161
102	19	0.442
102	52	0.373
102	86	0.277
102	107	0.823
102	4	0.602
102	76	0.445
102	39	0.721
102	6	0.439
102	24	0.579
102	99	0.905
102	89	0.159
102	64	0.942
102	58	0.15
102	108	0.502
102	7	0.948
102	70	0.213
102	63	0.407
102	2	0.501
102	18	0.16
102	77	0.238
102	98	0.181
102	17	0.961
102	80	0.375
102	56	0.982
102	15	0.249
102	23	0.573
102	69	0.16899999999999998
102	50	0.6579999999999999
102	110	0.212
102	49	0.507
102	53	0.969
102	109	0.378
102	3	0.412
102	71	0.857
102	38	0.444
102	96	0.215
102	101	0.794
102	97	0.277
102	66	0.574
102	26	0.25
102	72	0.313
102	27	0.341
102	11	0.4970000000000001
102	65	0.41
102	48	0.514
102	35	0.5379999999999999
102	25	0.3720000000000001
102	41	0.705
102	14	0.194
102	29	0.298
102	61	0.287
102	57	0.4370000000000001
102	79	0.191
102	20	0.314
102	9	0.65
102	54	0.903
102	75	0.234
102	103	0.527
102	30	0.187
102	37	0.18
102	45	0.467
102	55	0.441
102	90	0.243
102	81	0.16699999999999998
102	8	0.825
102	78	0.364
102	51	0.716
102	43	0.501
102	12	0.182
102	36	0.522
102	22	0.313
102	62	0.204
102	13	0.954
102	40	0.375
102	42	0.984
102	47	0.826
102	87	0.29
102	111	0.736
102	84	0.177
102	100	0.98
102	33	0.448
102	44	0.6579999999999999
102	21	0.63
102	28	0.442
102	16	0.319
43	101	0.304
43	71	0.284
43	91	0.221
43	66	0.407
43	46	0.659
43	112	0.392
43	53	0.504
43	35	0.151
43	105	0.171
43	65	0.234
43	102	0.501
43	99	0.505
43	52	0.238
43	107	0.58
43	39	0.37
43	41	0.343
43	6	0.163
43	61	0.664
43	108	0.15
43	64	0.748
43	106	0.453
43	9	0.2
43	103	0.24
43	54	0.443
43	7	0.163
43	8	0.28600000000000003
43	63	0.189
43	55	0.151
43	45	0.181
43	51	0.28
43	98	0.163
43	17	0.165
43	104	0.299
43	80	0.179
43	62	0.5820000000000001
43	73	0.193
43	56	0.307
43	40	0.304
43	42	0.252
43	23	0.151
43	13	0.221
43	47	0.408
43	44	0.304
43	87	0.271
43	111	0.364
43	49	0.254
43	100	0.161
43	50	0.204
43	21	0.343
43	16	0.248
56	37	0.28
56	51	0.985
56	78	0.484
56	81	0.248
56	34	0.193
56	12	0.493
56	36	0.682
56	47	0.967
56	85	0.304
56	42	0.927
56	33	0.589
56	84	0.343
56	28	0.47
56	45	0.535
56	91	0.973
56	0	0.256
56	105	0.7509999999999999
56	52	0.479
56	95	0.151
56	86	0.43
56	4	0.354
56	99	0.969
56	39	0.8220000000000001
56	6	0.728
56	24	0.7490000000000001
56	64	0.304
56	106	0.345
56	74	0.192
56	70	0.32299999999999995
56	18	0.231
56	2	0.438
56	77	0.481
56	73	0.194
56	15	0.348
56	5	0.304
56	69	0.208
56	49	0.187
56	83	0.185
56	109	0.441
56	3	0.398
56	66	0.7170000000000001
56	11	0.65
56	48	0.928
56	92	0.28800000000000003
56	14	0.52
56	1	0.278
56	29	0.305
56	20	0.444
56	60	0.307
56	9	0.889
56	75	0.5489999999999999
56	55	0.769
56	90	0.6409999999999999
56	8	0.8240000000000001
56	43	0.307
56	94	0.247
56	62	0.305
56	22	0.307
56	13	0.531
56	40	0.243
56	87	0.441
56	111	0.995
56	100	0.978
56	44	0.82
56	16	0.398
56	21	0.524
56	67	0.305
56	112	0.966
56	59	0.6890000000000001
56	32	0.362
56	46	0.47
56	10	0.523
56	19	0.447
56	107	0.505
56	76	0.515
56	89	0.406
56	58	0.642
56	31	0.151
56	108	0.402
56	7	0.8440000000000001
56	63	0.984
56	17	0.848
56	80	0.622
56	23	0.727
56	50	0.927
56	38	0.74
56	71	0.977
56	96	0.468
56	101	0.899
56	97	0.384
56	26	0.339
56	53	0.899
56	27	0.25
56	72	0.246
56	68	0.211
56	65	0.161
56	35	0.685
56	25	0.396
56	102	0.982
56	41	0.895
56	61	0.34700000000000003
56	57	0.718
56	79	0.304
56	54	0.16899999999999998
56	103	0.6859999999999999
56	30	0.239
100	19	0.258
100	86	0.177
100	52	0.279
100	88	0.187
100	4	0.17600000000000002
100	107	0.368
100	76	0.359
100	6	0.243
100	39	0.677
100	99	0.838
100	24	0.556
100	64	0.918
100	106	0.191
100	58	0.219
100	108	0.214
100	7	0.936
100	63	0.278
100	18	0.206
100	2	0.337
100	77	0.204
100	17	0.938
100	56	0.978
100	5	0.274
100	15	0.254
100	23	0.696
100	103	0.466
100	50	0.444
100	110	0.194
100	109	0.349
100	38	0.284
100	3	0.192
100	71	0.758
100	96	0.208
100	101	0.424
100	66	0.475
100	97	0.212
100	53	0.679
100	72	0.279
100	11	0.936
100	48	0.204
100	25	0.234
100	102	0.98
100	35	0.499
100	68	0.196
100	41	0.747
100	29	0.205
100	14	0.273
100	61	0.174
100	57	0.436
100	20	0.257
100	79	0.151
100	9	0.69
100	60	0.19
100	75	0.238
100	54	0.901
100	91	0.278
100	112	0.979
100	46	0.242
100	32	0.34600000000000003
100	47	0.981
100	105	0.237
100	45	0.3670000000000001
100	55	0.329
100	90	0.159
100	78	0.214
100	8	0.701
100	51	0.7809999999999999
100	43	0.161
100	22	0.257
100	94	0.328
100	12	0.227
100	36	0.946
100	13	0.931
100	42	0.947
100	87	0.28800000000000003
100	111	0.784
100	28	0.255
100	33	0.421
100	44	0.547
100	21	0.277
100	16	0.217
47	72	0.221
47	71	0.96
47	38	0.713
47	96	0.441
47	97	0.505
47	53	0.951
47	26	0.659
47	11	0.71
47	0	0.26
47	105	0.8220000000000001
47	52	0.635
47	6	0.53
47	70	0.442
47	73	0.19
47	18	0.738
47	5	0.253
47	69	0.406
47	83	0.171
47	48	0.34
47	92	0.272
47	17	0.911
47	98	0.231
47	65	0.275
47	41	0.977
47	61	0.319
47	57	0.716
47	85	0.345
47	33	0.918
47	63	0.629
47	14	0.518
47	1	0.32299999999999995
47	75	0.594
47	20	0.579
47	90	0.726
47	43	0.408
47	22	0.672
47	13	0.63
47	87	0.511
47	100	0.981
47	16	0.531
47	21	0.5760000000000001
47	67	0.44
47	31	0.56
47	107	0.6579999999999999
47	76	0.662
47	108	0.789
47	58	0.664
47	23	0.928
47	50	0.434
47	101	0.935
47	25	0.5720000000000001
47	27	0.345
47	68	0.16699999999999998
47	35	0.866
47	102	0.826
47	103	0.826
47	79	0.243
47	54	0.195
47	30	0.364
47	45	0.5670000000000001
47	37	0.685
47	81	0.365
47	78	0.628
47	51	0.823
47	34	0.151
47	12	0.552
47	36	0.731
47	42	0.899
47	84	0.304
47	28	0.8170000000000001
47	91	0.821
47	86	0.442
47	4	0.493
47	39	0.979
47	24	0.892
47	99	0.98
47	64	0.632
47	106	0.179
47	74	0.16899999999999998
47	2	0.481
47	77	0.703
47	15	0.45
47	46	0.58
47	109	0.6970000000000001
47	49	0.446
47	3	0.473
47	66	0.825
47	29	0.6509999999999999
47	9	0.866
47	60	0.319
47	55	0.5760000000000001
47	8	0.967
47	62	0.241
47	94	0.208
47	40	0.6579999999999999
47	93	0.173
47	111	0.979
47	44	0.91
47	32	0.6970000000000001
47	112	0.977
47	59	0.506
47	10	0.312
47	19	0.862
47	89	0.444
47	7	0.81
47	80	0.504
47	56	0.967
41	7	0.625
41	91	0.655
41	0	0.215
41	105	0.989
41	86	0.364
41	52	0.54
41	6	0.441
41	4	0.366
41	39	0.974
41	24	0.826
41	99	0.939
41	64	0.237
41	70	0.277
41	77	0.629
41	18	0.48
41	2	0.429
41	69	0.342
41	5	0.168
41	15	0.408
41	49	0.48
41	109	0.304
41	3	0.375
41	66	0.916
41	11	0.638
41	48	0.215
41	92	0.189
41	14	0.455
41	1	0.23
41	29	0.63
41	20	0.53
41	75	0.513
41	9	0.708
41	60	0.211
41	55	0.39
41	90	0.31
41	8	0.995
41	43	0.343
41	94	0.166
41	40	0.38
41	62	0.197
41	22	0.276
41	21	0.442
41	13	0.574
41	87	0.434
41	111	0.996
41	100	0.747
41	16	0.365
41	44	0.727
41	67	0.441
41	10	0.165
41	112	0.898
41	59	0.364
41	32	0.307
41	46	0.503
41	19	0.6629999999999999
41	76	0.537
41	107	0.5760000000000001
41	108	0.813
41	89	0.375
41	31	0.204
41	58	0.277
41	17	0.7340000000000001
41	63	0.481
41	80	0.343
41	56	0.895
41	23	0.746
41	50	0.341
41	71	0.823
41	38	0.574
41	96	0.306
41	101	0.8220000000000001
41	33	0.93
41	97	0.44
41	53	0.828
41	26	0.373
41	27	0.343
41	35	0.736
41	25	0.369
41	65	0.317
41	68	0.196
41	102	0.705
41	45	0.348
41	61	0.239
41	57	0.605
41	79	0.163
41	30	0.239
41	103	0.7490000000000001
41	37	0.481
41	81	0.24
41	78	0.433
41	51	0.7190000000000001
41	12	0.54
41	36	0.669
41	85	0.25
41	42	0.8270000000000001
41	47	0.977
41	84	0.192
41	28	0.628
79	91	0.906
79	52	0.204
79	39	0.215
79	99	0.305
79	24	0.187
79	77	0.161
79	83	0.243
79	66	0.229
79	9	0.151
79	92	0.408
79	1	0.903
79	60	0.28
79	8	0.215
79	13	0.16699999999999998
79	111	0.213
79	87	0.211
79	100	0.151
79	44	0.196
79	21	0.154
79	112	0.3720000000000001
79	59	0.7070000000000001
79	107	0.212
79	7	0.153
79	58	0.929
79	63	0.188
79	17	0.248
79	56	0.304
79	96	0.321
79	71	0.337
79	38	0.16699999999999998
79	101	0.303
79	53	0.18600000000000005
79	35	0.171
79	102	0.191
79	41	0.163
79	57	0.304
79	103	0.157
79	78	0.264
79	85	0.902
79	47	0.243
79	42	0.375
79	84	0.921
79	33	0.15
70	71	0.595
70	38	0.187
70	91	0.192
70	101	0.204
70	66	0.35100000000000003
70	11	0.285
70	112	0.354
70	72	0.264
70	53	0.256
70	48	0.235
70	102	0.213
70	57	0.165
70	76	0.7390000000000001
70	41	0.277
70	39	0.277
70	99	0.462
70	24	0.27
70	74	0.489
70	9	0.249
70	75	0.181
70	103	0.38
70	63	0.159
70	17	0.211
70	2	0.162
70	8	0.422
70	51	0.28
70	80	0.258
70	73	0.189
70	56	0.32299999999999995
70	36	0.257
70	22	0.773
70	23	0.516
70	42	0.18
70	47	0.442
70	69	0.6579999999999999
70	111	0.575
70	44	0.478
70	28	0.17
70	16	0.191
22	91	0.52
22	71	0.5379999999999999
22	53	0.345
22	101	0.239
22	66	0.152
22	112	0.398
22	72	0.268
22	11	0.153
22	48	0.237
22	25	0.208
22	19	0.151
22	102	0.313
22	35	0.239
22	24	0.241
22	107	0.27
22	4	0.171
22	76	0.706
22	99	0.495
22	41	0.276
22	39	0.261
22	63	0.187
22	9	0.205
22	74	0.422
22	75	0.412
22	70	0.773
22	103	0.3670000000000001
22	45	0.165
22	78	0.163
22	8	0.386
22	51	0.277
22	17	0.206
22	80	0.396
22	73	0.242
22	56	0.307
22	36	0.183
22	23	0.63
22	42	0.21
22	13	0.232
22	47	0.672
22	69	0.703
22	111	0.716
22	100	0.257
22	44	0.634
22	21	0.17600000000000002
22	28	0.181
22	16	0.21
87	56	0.441
87	91	0.48
87	105	0.5770000000000001
87	86	0.244
87	52	0.821
87	88	0.304
87	4	0.151
87	39	0.364
87	24	0.325
87	99	0.4970000000000001
87	2	0.151
87	77	0.787
87	15	0.163
87	109	0.151
87	83	0.237
87	3	0.18600000000000005
87	66	0.342
87	11	0.206
87	92	0.205
87	21	0.18600000000000005
87	20	0.277
87	9	0.228
87	60	0.364
87	75	0.173
87	55	0.191
87	90	0.16899999999999998
87	8	0.633
87	43	0.271
87	40	0.304
87	13	0.304
87	111	0.509
87	100	0.28800000000000003
87	44	0.3670000000000001
87	67	0.491
87	112	0.7979999999999999
87	59	0.71
87	46	0.349
87	107	0.206
87	58	0.442
87	7	0.228
87	63	0.215
87	17	0.639
87	23	0.345
87	50	0.159
87	71	0.515
87	38	0.504
87	96	0.366
87	101	0.4920000000000001
87	97	0.823
87	53	0.32299999999999995
87	68	0.15
87	35	0.63
87	102	0.29
87	41	0.434
87	79	0.211
87	57	0.439
87	103	0.442
87	78	0.365
87	51	0.304
87	12	0.5760000000000001
87	85	0.151
87	36	0.256
87	42	0.6779999999999999
87	47	0.511
87	84	0.29
87	33	0.214
11	76	0.277
11	91	0.442
11	67	0.277
11	112	0.759
11	59	0.29
11	32	0.279
11	46	0.206
11	105	0.369
11	0	0.392
11	10	0.417
11	19	0.642
11	4	0.515
11	107	0.242
11	52	0.304
11	86	0.304
11	70	0.285
11	39	0.6609999999999999
11	6	0.654
11	99	0.747
11	24	0.338
11	7	0.753
11	89	0.56
11	58	0.294
11	108	0.244
11	63	0.441
11	77	0.305
11	2	0.695
11	17	0.499
11	80	0.31
11	56	0.65
11	5	0.26
11	15	0.274
11	23	0.483
11	69	0.485
11	110	0.151
11	85	0.413
11	13	0.6990000000000001
11	42	0.889
11	47	0.71
11	111	0.6709999999999999
11	87	0.206
11	84	0.153
11	100	0.936
11	33	0.184
11	44	0.585
11	21	0.65
11	16	0.491
11	109	0.334
11	3	0.575
11	71	0.848
11	38	0.453
11	96	0.314
11	101	0.87
11	66	0.504
11	97	0.409
11	53	0.662
11	27	0.313
11	72	0.221
11	48	0.211
11	25	0.58
11	35	0.642
11	102	0.4970000000000001
11	41	0.638
11	1	0.345
11	14	0.958
11	61	0.204
11	57	0.63
11	20	0.209
11	9	0.857
11	75	0.307
11	103	0.531
11	30	0.408
11	90	0.472
11	37	0.154
11	55	0.639
11	81	0.151
11	78	0.662
11	8	0.6779999999999999
11	51	0.53
11	22	0.153
11	62	0.15
11	94	0.247
11	36	0.94
12	107	0.19
12	58	0.442
12	7	0.2
12	63	0.44
12	17	0.44
12	56	0.493
12	23	0.4970000000000001
12	71	0.629
12	38	0.63
12	101	0.48
12	96	0.44
12	97	0.455
12	26	0.165
12	53	0.199
12	102	0.182
12	35	0.984
12	41	0.54
12	57	0.37
12	103	0.58
12	78	0.69
12	51	0.282
12	36	0.227
12	85	0.4
12	42	0.682
12	47	0.552
12	84	0.599
12	109	0.241
12	91	0.48
12	105	0.923
12	52	0.66
12	95	0.396
12	86	0.21
12	4	0.168
12	39	0.343
12	99	0.493
12	24	0.277
12	106	0.197
12	77	0.982
12	83	0.193
12	66	0.448
12	92	0.163
12	1	0.16899999999999998
12	20	0.199
12	9	0.187
12	60	0.343
12	75	0.165
12	55	0.312
12	8	0.894
12	111	0.674
12	13	0.206
12	40	0.228
12	87	0.5760000000000001
12	67	0.964
12	100	0.227
12	44	0.365
12	21	0.196
12	59	0.544
12	112	0.82
95	91	0.182
95	99	0.195
95	2	0.154
95	55	0.214
95	13	0.185
95	21	0.17
95	112	0.627
95	59	0.245
95	58	0.155
95	17	0.512
95	56	0.151
95	101	0.277
95	71	0.5489999999999999
95	96	0.21
95	57	0.23
95	78	0.163
95	12	0.396
95	42	0.191
112	88	0.277
112	52	0.893
112	6	0.531
112	25	0.47
112	70	0.354
112	18	0.306
112	5	0.348
112	69	0.34
112	83	0.407
112	92	0.38
112	11	0.759
112	48	0.35100000000000003
112	14	0.6629999999999999
112	1	0.7020000000000001
112	20	0.614
112	75	0.638
112	90	0.551
112	43	0.392
112	68	0.305
112	35	0.901
112	102	0.981
112	79	0.3720000000000001
112	54	0.544
112	103	0.792
112	30	0.304
112	45	0.527
112	37	0.406
112	22	0.398
112	13	0.923
112	87	0.7979999999999999
112	100	0.979
112	51	0.9
112	78	0.83
112	81	0.838
112	34	0.19
112	36	0.8220000000000001
112	12	0.82
112	42	0.987
112	47	0.977
112	84	0.442
112	28	0.574
112	91	0.918
112	86	0.63
112	95	0.627
112	4	0.493
112	39	0.925
112	24	0.933
112	99	0.981
112	74	0.236
112	106	0.277
112	64	0.408
112	2	0.875
112	77	0.823
112	15	0.526
112	110	0.206
112	49	0.371
112	109	0.71
112	3	0.649
112	66	0.715
112	29	0.43
112	9	0.833
112	60	0.501
112	55	0.7090000000000001
112	8	0.968
112	94	0.302
112	62	0.284
112	93	0.236
112	40	0.403
112	111	0.966
112	44	0.875
112	59	0.847
112	16	0.443
112	21	0.8290000000000001
112	46	0.774
112	67	0.705
112	32	0.495
112	10	0.588
112	19	0.579
112	89	0.402
112	7	0.705
112	85	0.491
112	33	0.723
112	108	0.7509999999999999
112	58	0.828
112	107	0.659
112	76	0.51
112	31	0.28600000000000003
112	63	0.664
112	98	0.246
112	17	0.974
112	23	0.892
112	50	0.443
112	101	0.984
112	27	0.32299999999999995
112	0	0.429
112	105	0.826
112	82	0.16899999999999998
112	80	0.718
112	56	0.966
112	38	0.823
112	71	0.981
112	96	0.774
112	97	0.926
112	26	0.442
112	53	0.996
112	72	0.292
112	65	0.304
112	41	0.898
112	61	0.366
112	57	0.949
110	99	0.16899999999999998
110	6	0.151
110	71	0.187
110	101	0.227
110	53	0.206
110	112	0.206
110	102	0.212
110	11	0.151
110	35	0.163
110	36	0.161
110	57	0.29100000000000004
110	64	0.248
110	108	0.185
110	9	0.183
110	51	0.205
110	2	0.21600000000000005
110	17	0.151
110	42	0.404
110	13	0.275
110	100	0.194
110	3	0.206
110	21	0.29
109	86	0.206
109	91	0.3670000000000001
109	32	0.234
109	112	0.71
109	59	0.19
109	19	0.151
109	46	0.165
109	105	0.277
109	52	0.305
109	107	0.237
109	76	0.153
109	39	0.481
109	6	0.19
109	99	0.63
109	24	0.336
109	7	0.252
109	64	0.192
109	58	0.159
109	108	0.364
109	63	0.215
109	2	0.34
109	17	0.459
109	80	0.206
109	56	0.441
109	23	0.343
109	15	0.188
109	71	0.705
109	3	0.23
109	38	0.313
109	66	0.194
109	96	0.19
109	101	0.775
109	97	0.22
109	53	0.442
109	11	0.334
109	72	0.175
109	8	0.424
109	35	0.35100000000000003
109	102	0.378
109	41	0.304
109	57	0.971
109	20	0.294
109	9	0.361
109	75	0.314
109	103	0.24
109	55	0.588
109	78	0.16899999999999998
109	81	0.153
109	13	0.397
109	21	0.267
109	51	0.573
109	42	0.94
109	36	0.386
109	12	0.241
109	85	0.17
109	47	0.6970000000000001
109	87	0.151
109	111	0.443
109	84	0.215
109	100	0.349
109	33	0.199
109	28	0.161
109	44	0.304
16	19	0.579
16	90	0.408
16	55	0.2
16	13	0.938
16	8	0.504
16	43	0.248
16	94	0.322
16	22	0.21
16	111	0.501
16	100	0.217
16	44	0.3670000000000001
16	21	0.911
16	67	0.339
16	32	0.39
16	112	0.443
16	59	0.241
16	10	0.931
16	76	0.282
16	89	0.441
16	31	0.27
16	108	0.23
16	58	0.19
16	7	0.955
16	63	0.18600000000000005
16	17	0.153
16	80	0.379
16	56	0.398
16	23	0.504
16	69	0.161
16	91	0.277
16	105	0.206
16	0	0.913
16	4	0.981
16	18	0.215
16	6	0.948
16	39	0.384
16	24	0.961
16	99	0.504
16	74	0.299
16	70	0.191
16	77	0.254
16	2	0.925
16	73	0.175
16	15	0.384
16	5	0.238
16	3	0.931
16	66	0.159
16	11	0.491
16	97	0.542
16	14	0.317
16	1	0.922
16	29	0.306
16	9	0.959
16	75	0.195
16	38	0.242
16	71	0.499
16	96	0.213
16	101	0.947
16	26	0.38
16	53	0.379
16	27	0.95
16	72	0.206
16	35	0.242
16	25	0.944
16	68	0.205
16	102	0.319
16	41	0.365
16	57	0.161
16	30	0.955
16	103	0.441
16	84	0.277
16	37	0.4
16	78	0.97
16	51	0.321
16	34	0.905
16	36	0.153
16	85	0.929
16	42	0.305
16	47	0.531
16	33	0.473
16	28	0.5770000000000001
27	23	0.204
27	5	0.284
27	15	0.165
27	3	0.921
27	71	0.321
27	38	0.161
27	96	0.151
27	101	0.933
27	66	0.28600000000000003
27	26	0.276
27	53	0.639
27	11	0.313
27	35	0.311
27	25	0.935
27	102	0.341
27	1	0.915
27	41	0.343
27	14	0.394
27	29	0.277
27	9	0.938
27	57	0.185
27	20	0.304
27	75	0.15
27	103	0.229
27	30	0.941
27	37	0.275
27	78	0.936
27	90	0.277
27	8	0.28
27	51	0.254
27	34	0.916
27	21	0.938
27	16	0.95
27	85	0.914
27	36	0.33
27	13	0.929
27	42	0.221
27	47	0.345
27	111	0.304
27	84	0.161
27	33	0.408
27	44	0.24
27	28	0.441
27	56	0.25
27	91	0.161
27	67	0.396
27	112	0.32299999999999995
27	19	0.5720000000000001
27	59	0.15
27	32	0.276
27	46	0.25
27	0	0.909
27	105	0.234
27	10	0.925
27	4	0.939
27	107	0.18600000000000005
27	108	0.29
27	24	0.937
27	6	0.931
27	39	0.365
27	99	0.32299999999999995
27	89	0.32299999999999995
27	31	0.19
27	7	0.938
27	2	0.911
27	18	0.247
27	77	0.273
27	17	0.343
65	101	0.361
65	71	0.245
65	3	0.165
65	112	0.304
65	66	0.16899999999999998
65	52	0.189
65	53	0.596
65	46	0.277
65	35	0.277
65	102	0.41
65	45	0.151
65	57	0.16899999999999998
65	39	0.313
65	107	0.236
65	24	0.159
65	41	0.317
65	99	0.242
65	108	0.373
65	64	0.228
65	42	0.21
65	17	0.213
65	8	0.228
65	51	0.204
65	56	0.161
65	43	0.234
65	21	0.277
65	111	0.2
65	13	0.27
65	47	0.275
65	44	0.217
65	33	0.422
65	49	0.813
57	112	0.949
57	91	0.792
57	67	0.21
57	59	0.69
57	46	0.16899999999999998
57	32	0.181
57	71	0.915
57	0	0.292
57	6	0.321
57	10	0.161
57	105	0.742
57	19	0.304
57	95	0.23
57	39	0.654
57	86	0.305
57	52	0.7390000000000001
57	4	0.215
57	107	0.25
57	76	0.161
57	24	0.634
57	99	0.784
57	31	0.19
57	89	0.165
57	108	0.38
57	58	0.364
57	64	0.238
57	77	0.408
57	7	0.417
57	70	0.165
57	63	0.48
57	2	0.526
57	17	0.6809999999999999
57	80	0.159
57	3	0.642
57	56	0.718
57	15	0.3720000000000001
57	23	0.441
57	69	0.187
57	109	0.971
57	110	0.29100000000000004
57	83	0.25
57	101	0.908
57	96	0.601
57	38	0.579
57	66	0.44
57	97	0.415
57	60	0.37
57	11	0.63
57	53	0.573
57	26	0.165
57	27	0.185
57	72	0.21600000000000005
57	1	0.248
57	68	0.188
57	65	0.16899999999999998
57	25	0.21
57	35	0.794
57	102	0.4370000000000001
57	92	0.305
57	14	0.46
57	41	0.605
57	29	0.242
57	61	0.151
57	79	0.304
57	20	0.399
57	9	0.581
57	75	0.615
57	103	0.479
57	45	0.15
57	37	0.187
57	55	0.448
57	81	0.151
57	90	0.239
57	78	0.345
57	8	0.879
57	51	0.963
57	28	0.312
57	94	0.234
57	12	0.37
57	36	0.669
57	85	0.244
57	13	0.613
57	42	0.997
57	47	0.716
57	87	0.439
57	111	0.74
57	100	0.436
57	84	0.243
57	33	0.472
57	44	0.477
57	16	0.161
57	21	0.5770000000000001
42	92	0.305
42	1	0.345
42	14	0.8390000000000001
42	29	0.327
42	20	0.503
42	9	0.835
42	60	0.3720000000000001
42	75	0.696
42	94	0.361
42	55	0.63
42	90	0.6629999999999999
42	8	0.894
42	43	0.252
42	104	0.433
42	62	0.161
42	22	0.21
42	93	0.192
42	40	0.19
42	13	0.907
42	111	0.895
42	87	0.6779999999999999
42	100	0.947
42	44	0.777
42	16	0.305
42	21	0.8340000000000001
42	112	0.987
42	67	0.248
42	59	0.825
42	32	0.319
42	46	0.424
42	10	0.282
42	19	0.436
42	107	0.6829999999999999
42	76	0.34
42	89	0.252
42	31	0.196
42	58	0.481
42	108	0.735
42	7	0.551
42	63	0.5770000000000001
42	17	0.929
42	98	0.522
42	80	0.305
42	56	0.927
42	23	0.629
42	50	0.252
42	71	0.983
42	38	0.77
42	26	0.256
42	96	0.711
42	101	0.985
42	97	0.53
42	53	0.898
42	72	0.212
42	27	0.221
42	68	0.21
42	65	0.21
42	35	0.826
42	25	0.337
42	102	0.984
42	41	0.8270000000000001
42	61	0.222
42	30	0.183
42	57	0.997
42	79	0.375
42	54	0.484
42	103	0.574
42	45	0.3
42	37	0.322
42	81	0.368
42	51	0.989
42	78	0.7
42	12	0.682
42	36	0.924
42	85	0.339
42	47	0.899
42	84	0.305
42	33	0.789
42	28	0.408
42	91	0.8909999999999999
42	105	0.5379999999999999
42	0	0.637
42	4	0.339
42	95	0.191
42	52	0.574
42	86	0.481
42	24	0.882
42	99	0.959
42	39	0.78
