,protein1_Gene,protein2_Gene,combined_score
19580,84,85,0.273
19583,84,36,0.56
19604,84,19,0.47000000000000003
19605,84,86,0.256
19609,84,71,0.15
19610,84,103,0.558
19622,84,69,0.2
19623,84,53,0.4
19629,84,83,0.634
19651,84,70,0.25
19653,84,66,0.801
19659,84,73,0.966
19660,84,40,0.17300000000000001
19672,84,102,0.309
19679,84,20,0.974
19695,84,72,0.252
19703,84,95,0.225
19715,84,6,0.9560000000000001
19724,84,29,0.6910000000000001
19735,84,90,0.171
19742,84,89,0.306
19747,84,13,0.9550000000000001
19748,84,37,0.577
19749,84,61,0.52
19751,84,31,0.6980000000000001
19752,84,54,0.28500000000000003
19770,84,48,0.311
19788,84,55,0.5
19797,84,51,0.213
19802,84,27,0.47300000000000003
19806,84,0,0.9530000000000001
19808,84,79,0.20700000000000002
19815,84,74,0.17200000000000001
19819,84,67,0.199
19820,84,26,0.9520000000000001
19824,84,101,0.315
19833,84,38,0.588
19835,84,52,0.726
19844,84,22,0.9500000000000001
19867,84,41,0.76
19868,84,81,0.324
19885,84,94,0.967
19888,84,33,0.53
19890,84,96,0.54
19894,84,92,0.676
19896,84,77,0.216
19916,84,16,0.716
19917,84,44,0.15
19928,84,23,0.937
19935,84,2,0.9580000000000001
19970,84,43,0.20700000000000002
19972,84,32,0.9430000000000001
19974,84,60,0.178
19975,84,4,0.9510000000000001
19986,84,8,0.97
19994,84,76,0.549
19995,84,1,0.9420000000000001
20021,84,24,0.644
20037,84,5,0.42
20063,84,25,0.551
20077,84,39,0.391
20091,84,78,0.16
20114,84,3,0.9590000000000001
20120,84,30,0.599
20139,84,21,0.9540000000000001
20162,84,12,0.969
20173,84,75,0.21
20185,84,63,0.259
20196,84,14,0.8190000000000001
20197,84,10,0.966
20207,84,56,0.231
20213,84,59,0.154
20221,84,49,0.579
20228,84,87,0.386
20232,84,15,0.47300000000000003
20235,84,11,0.17
20263,84,7,0.628
20281,84,93,0.18
20285,84,100,0.242
20296,84,104,0.681
20305,84,82,0.222
20317,84,9,0.962
20323,84,17,0.9580000000000001
20325,84,65,0.182
20350,84,34,0.594
20357,84,98,0.47500000000000003
20361,84,47,0.548
20367,84,28,0.447
20369,84,80,0.9450000000000001
20406,84,91,0.435
20419,84,88,0.579
20421,84,64,0.28400000000000003
167505,62,8,0.266
167521,62,1,0.359
167554,62,24,0.242
167558,62,85,0.313
167565,62,36,0.426
167586,62,19,0.375
167596,62,103,0.47000000000000003
167605,62,25,0.15
167617,62,53,0.256
167620,62,39,0.226
167625,62,83,0.211
167649,62,78,0.17400000000000002
167662,62,66,0.4
167666,62,73,0.585
167667,62,40,0.223
167673,62,3,0.375
167678,62,30,0.9560000000000001
167690,62,20,0.358
167718,62,72,0.893
167735,62,12,0.29
167749,62,6,0.26
167763,62,29,0.25
167769,62,63,0.15
167780,62,90,0.433
167781,62,14,0.325
167782,62,10,0.266
167797,62,89,0.355
167799,62,56,0.427
167806,62,13,0.311
167809,62,37,0.295
167811,62,61,0.41600000000000004
167813,62,31,0.311
167814,62,54,0.354
167823,62,49,0.29
167829,62,48,0.731
167837,62,15,0.167
167841,62,11,0.966
167855,62,55,0.445
167880,62,27,0.163
167886,62,0,0.194
167888,62,79,0.227
167895,62,7,0.706
167904,62,101,0.163
167917,62,38,0.41600000000000004
167919,62,52,0.28200000000000003
167925,62,22,0.171
167938,62,104,0.7010000000000001
167949,62,82,0.47300000000000003
167967,62,41,0.441
167968,62,35,0.21
167981,62,94,0.4
167983,62,33,0.48
167985,62,96,0.555
167990,62,92,0.382
168007,62,34,0.293
168010,62,98,0.84
168016,62,47,0.275
168028,62,16,0.246
168032,62,80,0.595
168046,62,23,0.386
168050,62,2,0.185
168088,62,32,0.183
168091,62,60,0.242
168092,62,4,0.366
216177,81,100,0.212
216189,81,104,0.679
216209,81,82,0.34900000000000003
216229,81,9,0.25
216237,81,17,0.297
216258,81,85,0.258
216266,81,36,0.4
216277,81,34,0.441
216286,81,19,0.297
216293,81,98,0.28800000000000003
216295,81,47,0.537
216304,81,103,0.491
216312,81,28,0.28600000000000003
216316,81,80,0.249
216327,81,53,0.28400000000000003
216341,81,83,0.16
216395,81,70,0.21
216396,81,88,0.267
216399,81,66,0.649
216417,81,73,0.514
216433,81,102,0.34700000000000003
216441,81,20,0.531
216458,81,72,0.323
216463,81,95,0.212
216473,81,6,0.337
216479,81,29,0.389
216490,81,90,0.242
216500,81,89,0.374
216505,81,13,0.194
216507,81,37,0.533
216508,81,61,0.28600000000000003
216509,81,31,0.453
216510,81,54,0.45
216523,81,48,0.25
216538,81,55,0.384
216555,81,27,0.171
216560,81,0,0.37
216563,81,79,0.155
216575,81,26,0.195
216582,81,101,0.186
216594,81,38,0.4
216596,81,52,0.48
216604,81,22,0.195
216617,81,105,0.224
216627,81,41,0.511
216640,81,94,0.675
216642,81,33,0.393
216643,81,96,0.309
216649,81,92,0.641
216678,81,16,0.398
216679,81,44,0.165
216689,81,23,0.307
216695,81,2,0.35000000000000003
216729,81,32,0.167
216732,81,4,0.188
216745,81,8,0.47700000000000004
216753,81,76,0.34500000000000003
216757,81,1,0.28800000000000003
216788,81,24,0.298
216803,81,5,0.185
216820,81,25,0.161
216866,81,3,0.406
216873,81,30,0.4
216883,81,84,0.324
216884,81,21,0.187
216905,81,12,0.52
216914,81,75,0.22
216919,81,63,0.267
216929,81,14,0.65
216931,81,10,0.396
216938,81,56,0.167
216955,81,49,0.678
216973,81,11,0.25
217009,81,7,0.448
217185,90,8,0.41300000000000003
217204,90,76,0.494
217212,90,1,0.261
217268,90,24,0.242
217271,90,85,0.313
217281,90,36,0.398
217315,90,19,0.265
217325,90,103,0.41400000000000003
217338,90,25,0.198
217351,90,69,0.171
217355,90,53,0.447
217363,90,39,0.358
217372,90,83,0.193
217404,90,70,0.269
217406,90,66,0.681
217413,90,73,0.356
217414,90,40,0.266
217424,90,3,0.356
217436,90,30,0.548
217446,90,102,0.369
217459,90,20,0.441
217468,90,84,0.171
217469,90,21,0.156
217490,90,72,0.446
217503,90,95,0.315
217512,90,12,0.468
217530,90,6,0.228
217533,90,45,0.39
217536,90,75,0.246
217545,90,29,0.595
217551,90,63,0.422
217566,90,14,0.711
217568,90,10,0.658
217586,90,89,0.559
217591,90,56,0.359
217597,90,13,0.484
217599,90,37,0.795
217602,90,61,0.309
217603,90,31,0.62
217604,90,54,0.6940000000000001
217605,90,59,0.156
217619,90,49,0.47300000000000003
217629,90,48,0.807
217645,90,15,0.187
217651,90,11,0.398
217672,90,55,0.74
217701,90,27,0.161
217708,90,0,0.18
217710,90,79,0.17
217718,90,7,0.685
217741,90,101,0.537
217758,90,38,0.377
217761,90,52,0.423
217764,90,100,0.165
217774,90,22,0.154
217795,90,104,0.925
217810,90,62,0.433
217813,90,82,0.837
217831,90,41,0.495
217833,90,35,0.7000000000000001
217834,90,81,0.242
217835,90,17,0.28200000000000003
217852,90,94,0.582
217855,90,33,0.423
217857,90,96,0.446
217868,90,92,0.532
217892,90,34,0.47300000000000003
217901,90,98,0.47300000000000003
217911,90,47,0.311
217924,90,28,0.35100000000000003
217927,90,16,0.34
217933,90,80,0.193
217956,90,50,0.20700000000000002
217967,90,2,0.369
218015,90,88,0.16
218018,90,64,0.323
218027,90,32,0.24
218029,90,60,0.29
218030,90,4,0.231
362634,24,8,0.747
362645,24,76,0.261
362648,24,1,0.46900000000000003
362688,24,85,0.266
362693,24,36,0.668
362706,24,5,0.41200000000000003
362718,24,19,0.539
362720,24,86,0.211
362725,24,71,0.485
362728,24,103,0.589
362734,24,25,0.712
362741,24,69,0.247
362742,24,53,0.421
362745,24,39,0.232
362750,24,83,0.5760000000000001
362780,24,70,0.279
362784,24,66,0.663
362787,24,73,0.654
362788,24,40,0.315
362794,24,3,0.596
362802,24,30,0.51
362805,24,102,0.372
362809,24,20,0.252
362817,24,84,0.644
362818,24,21,0.795
362835,24,72,0.34700000000000003
362847,24,12,0.674
362859,24,6,0.681
362860,24,45,0.179
362861,24,75,0.28400000000000003
362869,24,29,0.728
362871,24,63,0.3
362875,24,90,0.242
362876,24,14,0.733
362877,24,10,0.195
362884,24,89,0.28600000000000003
362886,24,56,0.185
362892,24,13,0.6880000000000001
362894,24,37,0.508
362895,24,61,0.552
362896,24,31,0.197
362897,24,54,0.279
362899,24,59,0.20800000000000002
362912,24,49,0.641
362920,24,48,0.309
362922,24,87,0.386
362928,24,15,0.5710000000000001
362939,24,55,0.398
362954,24,51,0.228
362965,24,0,0.462
362966,24,79,0.15
362977,24,7,0.649
362986,24,26,0.597
362990,24,101,0.51
363000,24,38,0.5670000000000001
363002,24,52,0.561
363004,24,100,0.398
363010,24,22,0.68
363019,24,104,0.676
363027,24,62,0.242
363029,24,82,0.209
363044,24,9,0.509
363046,24,41,0.98
363047,24,35,0.41600000000000004
363049,24,81,0.298
363052,24,17,0.7010000000000001
363053,24,65,0.247
363069,24,94,0.672
363072,24,33,0.532
363074,24,96,0.549
363078,24,92,0.971
363082,24,77,0.726
363091,24,34,0.968
363094,24,98,0.47400000000000003
363098,24,47,0.491
363108,24,28,0.15
363110,24,16,0.178
363112,24,44,0.25
363113,24,80,0.423
363132,24,50,0.199
363135,24,23,0.588
363142,24,2,0.588
363165,24,91,0.254
363177,24,18,0.241
363182,24,64,0.168
363186,24,43,0.25
363187,24,32,0.169
363189,24,60,0.20800000000000002
363190,24,4,0.64
436492,76,8,0.34900000000000003
436518,76,1,0.324
436584,76,24,0.261
436591,76,85,0.171
436600,76,36,0.388
436627,76,19,0.312
436644,76,103,0.34700000000000003
436652,76,25,0.298
436676,76,53,0.193
436683,76,39,0.35000000000000003
436734,76,70,0.163
436736,76,66,0.864
436746,76,73,0.55
436757,76,3,0.296
436768,76,30,0.28200000000000003
436776,76,102,0.427
436788,76,20,0.438
436793,76,84,0.549
436815,76,72,0.161
436837,76,12,0.93
436859,76,45,0.153
436861,76,75,0.23800000000000002
436871,76,29,0.323
436878,76,63,0.242
436894,76,90,0.494
436896,76,14,0.706
436898,76,10,0.607
436920,76,89,0.61
436925,76,56,0.212
436931,76,37,0.533
436933,76,61,0.228
436934,76,31,0.379
436935,76,54,0.367
436952,76,49,0.446
436964,76,48,0.167
436999,76,55,0.242
437054,76,7,0.311
437078,76,101,0.294
437100,76,38,0.297
437102,76,52,0.297
437110,76,100,0.229
437140,76,104,0.877
437157,76,82,0.211
437168,76,9,0.194
437173,76,41,0.538
437175,76,35,0.441
437178,76,81,0.34500000000000003
437182,76,17,0.21
437208,76,94,0.603
437212,76,33,0.28600000000000003
437213,76,96,0.266
437223,76,92,0.605
437246,76,34,0.538
437256,76,98,0.167
437266,76,47,0.47400000000000003
437278,76,28,0.368
437281,76,16,0.257
437289,76,80,0.223
437330,76,2,0.19
437384,76,88,0.171
437387,76,64,0.197
444206,42,8,0.195
444208,42,49,0.294
444238,42,7,0.171
444247,42,103,0.178
444251,42,100,0.2
444259,42,104,0.329
444267,42,41,0.177
444268,42,35,0.161
444269,42,17,0.195
444277,42,66,0.25
444278,42,96,0.152
444279,42,40,0.156
444283,42,92,0.383
444293,42,47,0.171
444305,42,50,0.233
444310,42,45,0.984
444313,42,58,0.975
444316,42,10,0.17300000000000001
444321,42,60,0.165
444326,42,31,0.212
444327,42,59,0.167
448000,85,36,0.441
448029,85,19,0.362
448084,85,70,0.526
448088,85,66,0.785
448094,85,40,0.167
448112,85,102,0.498
448122,85,20,0.491
448136,85,72,0.4
448179,85,90,0.313
448188,85,89,0.555
448194,85,13,0.185
448195,85,37,0.736
448196,85,61,0.244
448198,85,31,0.607
448201,85,54,0.97
448233,85,55,0.765
448250,85,51,0.34700000000000003
448258,85,79,0.9500000000000001
448271,85,67,0.185
448295,85,52,0.8150000000000001
448336,85,81,0.258
448352,85,68,0.198
448357,85,33,0.395
448360,85,96,0.294
448364,85,92,0.8200000000000001
448403,85,16,0.258
448422,85,23,0.185
448431,85,2,0.265
448470,85,4,0.186
448480,85,8,0.372
448498,85,1,0.921
448651,85,30,0.42
448664,85,21,0.15
448691,85,12,0.395
448703,85,75,0.214
448724,85,14,0.673
448725,85,10,0.449
448735,85,56,0.5
448900,85,17,0.3
448941,85,98,0.34900000000000003
448946,85,47,0.433
448952,85,28,0.252
449146,85,86,0.513
449156,85,103,0.656
449175,85,69,0.189
449178,85,53,0.586
449222,85,73,0.47300000000000003
449271,85,95,0.28300000000000003
449294,85,6,0.267
449306,85,29,0.321
449361,85,48,0.34700000000000003
449416,85,74,0.906
449425,85,101,0.25
449433,85,38,0.354
449449,85,22,0.187
449499,85,41,0.7000000000000001
449517,85,94,0.661
449576,85,50,0.186
449654,85,76,0.171
449704,85,24,0.266
449769,85,25,0.216
449789,85,39,0.304
449810,85,78,0.5630000000000001
449838,85,3,0.28600000000000003
449866,85,84,0.273
449919,85,63,0.364
449961,85,49,0.621
449981,85,15,0.189
449983,85,11,0.311
450025,85,7,0.51
450069,85,100,0.27
450083,85,104,0.839
450089,85,62,0.313
450091,85,82,0.398
450107,85,9,0.186
450145,85,34,0.536
450170,85,80,0.93
450212,85,91,0.187
474210,54,85,0.97
474217,54,36,0.374
474246,54,19,0.302
474250,54,86,0.58
474260,54,103,0.51
474284,54,53,0.372
474326,54,70,0.152
474330,54,66,0.64
474337,54,73,0.719
474338,54,40,0.171
474355,54,102,0.377
474371,54,20,0.706
474393,54,72,0.662
474401,54,95,0.226
474419,54,6,0.27
474436,54,29,0.433
474453,54,90,0.6940000000000001
474472,54,89,0.774
474481,54,13,0.26
474483,54,37,0.518
474486,54,61,0.25
474487,54,31,0.425
474505,54,48,0.461
474527,54,55,0.904
474547,54,51,0.194
474561,54,0,0.171
474564,54,79,0.9460000000000001
474578,54,74,0.922
474593,54,101,0.179
474608,54,38,0.41400000000000003
474612,54,52,0.47500000000000003
474626,54,22,0.165
474663,54,105,0.185
474678,54,41,0.6950000000000001
474679,54,81,0.45
474698,54,94,0.81
474701,54,33,0.459
474705,54,96,0.9410000000000001
474713,54,92,0.653
474765,54,16,0.378
474786,54,23,0.297
474794,54,2,0.549
474854,54,4,0.15
474876,54,8,0.68
474896,54,76,0.367
474898,54,1,0.923
474952,54,24,0.279
474978,54,5,0.231
475047,54,39,0.359
475073,54,78,0.424
475100,54,3,0.426
475106,54,30,0.648
475130,54,84,0.28500000000000003
475133,54,21,0.169
475174,54,12,0.681
475190,54,75,0.224
475200,54,63,0.398
475210,54,14,0.785
475212,54,10,0.426
475235,54,56,0.655
475257,54,49,0.446
475290,54,11,0.487
475362,54,7,0.551
475421,54,104,0.8310000000000001
475431,54,62,0.354
475434,54,82,0.581
475448,54,9,0.267
475456,54,17,0.245
475497,54,34,0.43
475504,54,98,0.41600000000000004
475511,54,47,0.398
475525,54,28,0.246
475532,54,80,0.929
475599,54,88,0.211
516646,64,8,0.319
516660,64,76,0.197
516667,64,1,0.191
516704,64,24,0.168
516710,64,36,0.34700000000000003
516734,64,19,0.661
516742,64,71,0.708
516744,64,103,0.396
516749,64,25,0.379
516760,64,69,0.515
516764,64,53,0.229
516766,64,57,0.178
516774,64,83,0.379
516799,64,70,0.418
516800,64,66,0.601
516807,64,73,0.167
516808,64,40,0.184
516815,64,3,0.181
516824,64,30,0.194
516830,64,102,0.209
516835,64,20,0.368
516839,64,84,0.28400000000000003
516840,64,21,0.25
516869,64,12,0.228
516877,64,6,0.223
516881,64,75,0.47500000000000003
516889,64,29,0.266
516890,64,63,0.441
516900,64,90,0.323
516902,64,14,0.229
516903,64,10,0.61
516912,64,89,0.186
516920,64,13,0.251
516922,64,37,0.28200000000000003
516924,64,61,0.323
516925,64,31,0.509
516938,64,49,0.362
517003,64,7,0.329
517014,64,67,0.624
517015,64,26,0.27
517018,64,101,0.17300000000000001
517029,64,38,0.292
517034,64,52,0.309
517041,64,22,0.358
517051,64,104,0.371
517072,64,41,0.398
517075,64,17,0.169
517076,64,65,0.705
517090,64,68,0.365
517092,64,94,0.404
517094,64,33,0.266
517095,64,96,0.28600000000000003
517100,64,92,0.41600000000000004
517113,64,34,0.33
517119,64,98,0.307
517124,64,47,0.227
517134,64,28,0.189
517138,64,80,0.152
517153,64,50,0.302
517157,64,23,0.293
517161,64,2,0.203
517188,64,18,0.683
517195,64,60,0.176
517196,64,4,0.332
532237,30,85,0.42
532241,30,36,0.8210000000000001
532265,30,19,0.533
532269,30,86,0.297
532273,30,71,0.195
532275,30,103,0.796
532296,30,69,0.17
532298,30,53,0.733
532309,30,83,0.29
532347,30,70,0.5670000000000001
532351,30,66,0.8270000000000001
532360,30,73,0.863
532361,30,40,0.47300000000000003
532379,30,102,0.579
532392,30,20,0.8260000000000001
532417,30,72,0.836
532427,30,95,0.253
532447,30,6,0.549
532451,30,45,0.156
532459,30,29,0.8240000000000001
532475,30,90,0.548
532484,30,89,0.47300000000000003
532493,30,13,0.295
532494,30,37,0.859
532498,30,61,0.782
532499,30,31,0.764
532501,30,54,0.648
532522,30,48,0.7000000000000001
532537,30,55,0.673
532552,30,51,0.443
532561,30,27,0.35100000000000003
532564,30,0,0.41500000000000004
532567,30,79,0.33
532581,30,74,0.197
532585,30,67,0.23800000000000002
532586,30,26,0.252
532590,30,101,0.458
532605,30,38,0.762
532606,30,52,0.735
532617,30,22,0.489
532653,30,41,0.868
532654,30,35,0.396
532655,30,81,0.4
532674,30,94,0.862
532677,30,33,0.799
532681,30,96,0.804
532692,30,92,0.987
532727,30,16,0.6930000000000001
532728,30,44,0.653
532744,30,50,0.265
532745,30,23,0.448
532755,30,2,0.744
532768,30,58,0.248
532803,30,43,0.396
532805,30,32,0.34
532807,30,60,0.357
532808,30,4,0.47700000000000004
532815,30,99,0.242
532823,30,8,0.778
532836,30,76,0.28200000000000003
532839,30,1,0.28400000000000003
532888,30,24,0.51
532908,30,5,0.194
532937,30,25,0.44
532957,30,39,0.293
532983,30,78,0.217
533004,30,3,0.719
533032,30,84,0.599
533033,30,21,0.337
533062,30,12,0.802
533080,30,75,0.41600000000000004
533091,30,63,0.425
533101,30,14,0.885
533103,30,10,0.76
533118,30,56,0.398
533125,30,59,0.179
533133,30,49,0.899
533154,30,15,0.296
533159,30,11,0.981
533213,30,7,0.931
533239,30,93,0.41200000000000003
533246,30,100,0.74
533262,30,104,0.921
533276,30,62,0.9560000000000001
533277,30,82,0.647
533296,30,9,0.307
533302,30,17,0.605
533341,30,34,0.809
533346,30,98,0.897
533351,30,47,0.639
533361,30,28,0.32
533365,30,80,0.40700000000000003
533415,30,91,0.197
533424,30,18,0.23800000000000002
533434,30,88,0.171
533435,30,64,0.194
551354,14,85,0.673
551361,14,36,0.801
551412,14,19,0.797
551416,14,86,0.29
551431,14,71,0.317
551434,14,103,0.795
551470,14,69,0.28400000000000003
551471,14,53,0.7000000000000001
551486,14,83,0.593
551549,14,70,0.502
551554,14,66,0.971
551564,14,73,0.801
551565,14,40,0.47300000000000003
551597,14,102,0.68
551616,14,20,0.432
551654,14,72,0.545
551669,14,95,0.385
551701,14,6,0.744
551704,14,45,0.194
551718,14,29,0.295
551739,14,90,0.711
551755,14,89,0.809
551767,14,13,0.197
551769,14,37,0.9500000000000001
551772,14,61,0.708
551773,14,31,0.244
551776,14,54,0.785
551820,14,48,0.528
551857,14,55,0.67
551882,14,51,0.557
551895,14,27,0.873
551901,14,0,0.721
551906,14,79,0.46
551924,14,74,0.267
551933,14,67,0.242
551934,14,26,0.557
551943,14,101,0.784
551965,14,38,0.761
551968,14,52,0.798
551987,14,22,0.708
552058,14,41,0.991
552060,14,35,0.398
552062,14,81,0.65
552085,14,68,0.16
552092,14,94,0.98
552095,14,33,0.844
552097,14,96,0.725
552111,14,92,0.995
552117,14,77,0.28600000000000003
552181,14,16,0.334
552183,14,44,0.388
552217,14,50,0.311
552220,14,23,0.54
552232,14,2,0.903
552248,14,58,0.199
552310,14,43,0.354
552313,14,32,0.159
552316,14,60,0.34700000000000003
552317,14,4,0.89
552329,14,99,0.213
552343,14,8,0.9410000000000001
552364,14,76,0.706
552367,14,1,0.5730000000000001
552447,14,24,0.733
552482,14,5,0.517
552538,14,25,0.158
552574,14,39,0.587
552610,14,78,0.398
552657,14,3,0.8150000000000001
552667,14,30,0.885
552698,14,84,0.8190000000000001
552701,14,21,0.76
552749,14,12,0.902
552773,14,75,0.491
552796,14,63,0.766
552815,14,10,0.512
552842,14,56,0.443
552858,14,59,0.216
552874,14,49,0.93
552906,14,15,0.643
552913,14,11,0.683
553009,14,7,0.913
553055,14,93,0.385
553071,14,100,0.539
553094,14,104,0.982
553114,14,62,0.325
553117,14,82,0.7000000000000001
553141,14,9,0.598
553154,14,17,0.795
553155,14,65,0.297
553219,14,34,0.981
553230,14,98,0.668
553240,14,47,0.749
553254,14,28,0.6890000000000001
553262,14,80,0.68
553339,14,91,0.401
553353,14,18,0.25
553366,14,88,0.605
553367,14,64,0.229
553405,22,8,0.967
553416,22,1,0.9400000000000001
553447,22,24,0.68
553450,22,85,0.187
553454,22,36,0.511
553468,22,5,0.398
553477,22,19,0.339
553487,22,71,0.184
553490,22,103,0.47400000000000003
553493,22,25,0.673
553500,22,69,0.195
553501,22,53,0.401
553507,22,83,0.6940000000000001
553529,22,70,0.28800000000000003
553531,22,66,0.538
553536,22,73,0.9540000000000001
553537,22,40,0.211
553540,22,3,0.9590000000000001
553546,22,30,0.489
553549,22,102,0.274
553561,22,20,0.966
553566,22,84,0.9500000000000001
553567,22,21,0.9580000000000001
553585,22,72,0.187
553592,22,95,0.257
553598,22,12,0.963
553605,22,6,0.985
553610,22,75,0.20500000000000002
553622,22,29,0.6920000000000001
553623,22,63,0.193
553635,22,90,0.154
553636,22,14,0.708
553638,22,10,0.918
553648,22,89,0.161
553652,22,13,0.9560000000000001
553653,22,37,0.421
553654,22,61,0.42
553656,22,31,0.215
553657,22,54,0.165
553669,22,49,0.519
553678,22,48,0.269
553681,22,15,0.515
553695,22,55,0.211
553712,22,51,0.154
553720,22,27,0.622
553724,22,0,0.9460000000000001
553726,22,79,0.167
553738,22,7,0.56
553743,22,74,0.163
553746,22,26,0.9570000000000001
553754,22,101,0.33
553763,22,38,0.355
553764,22,52,0.464
553767,22,100,0.28600000000000003
553783,22,104,0.562
553794,22,62,0.171
553797,22,82,0.165
553809,22,9,0.9490000000000001
553811,22,41,0.723
553812,22,35,0.296
553813,22,81,0.195
553817,22,17,0.9590000000000001
553831,22,94,0.9580000000000001
553834,22,33,0.48
553837,22,96,0.354
553842,22,92,0.5730000000000001
553845,22,77,0.232
553865,22,34,0.5650000000000001
553870,22,98,0.452
553874,22,47,0.331
553881,22,28,0.615
553883,22,16,0.251
553885,22,44,0.212
553886,22,80,0.9440000000000001
553903,22,50,0.196
553904,22,23,0.9500000000000001
553913,22,2,0.9570000000000001
553932,22,58,0.161
553934,22,91,0.212
553941,22,18,0.20700000000000002
553947,22,64,0.358
553954,22,43,0.293
553956,22,32,0.916
553959,22,60,0.157
553961,22,4,0.961
553976,32,8,0.974
553983,32,1,0.9550000000000001
554002,32,24,0.169
554005,32,36,0.497
554016,32,5,0.47700000000000004
554025,32,19,0.187
554035,32,103,0.424
554037,32,25,0.65
554043,32,69,0.211
554044,32,53,0.398
554046,32,83,0.658
554066,32,70,0.311
554067,32,66,0.7000000000000001
554072,32,73,0.962
554075,32,3,0.9560000000000001
554082,32,30,0.34
554086,32,102,0.28700000000000003
554094,32,20,0.929
554099,32,84,0.9430000000000001
554100,32,21,0.963
554115,32,72,0.187
554124,32,12,0.9560000000000001
554135,32,6,0.971
554139,32,75,0.158
554148,32,29,0.368
554149,32,63,0.158
554159,32,90,0.24
554160,32,14,0.159
554162,32,10,0.913
554168,32,89,0.217
554174,32,13,0.966
554175,32,37,0.776
554176,32,61,0.341
554178,32,31,0.163
554186,32,49,0.395
554191,32,48,0.222
554195,32,15,0.3
554207,32,55,0.167
554224,32,27,0.187
554227,32,0,0.9530000000000001
554238,32,7,0.47100000000000003
554247,32,67,0.157
554248,32,26,0.9570000000000001
554253,32,101,0.34400000000000003
554265,32,38,0.388
554266,32,52,0.395
554267,32,100,0.17
554277,32,22,0.916
554285,32,104,0.5760000000000001
554295,32,62,0.183
554301,32,105,0.151
554307,32,9,0.9490000000000001
554308,32,41,0.707
554310,32,35,0.372
554311,32,81,0.167
554315,32,17,0.9570000000000001
554328,32,94,0.9590000000000001
554332,32,33,0.28600000000000003
554336,32,96,0.366
554339,32,92,0.484
554343,32,77,0.291
554359,32,34,0.511
554364,32,98,0.34900000000000003
554367,32,47,0.356
554373,32,28,0.6
554375,32,16,0.211
554376,32,80,0.9480000000000001
554390,32,23,0.9520000000000001
554397,32,2,0.9460000000000001
554428,32,60,0.214
554430,32,4,0.9540000000000001
574803,0,8,0.933
574812,0,1,0.964
574839,0,24,0.462
574846,0,36,0.23
574860,0,5,0.537
574870,0,19,0.166
574880,0,103,0.255
574884,0,25,0.491
574892,0,69,0.171
574893,0,53,0.485
574896,0,57,0.242
574897,0,39,0.307
574905,0,83,0.428
574932,0,70,0.193
574934,0,66,0.47000000000000003
574943,0,73,0.9590000000000001
574947,0,3,0.921
574954,0,30,0.41500000000000004
574958,0,102,0.268
574967,0,20,0.965
574971,0,84,0.9530000000000001
574972,0,21,0.9480000000000001
574989,0,72,0.152
574994,0,95,0.274
574999,0,12,0.988
575006,0,6,0.98
575013,0,75,0.18
575022,0,29,0.597
575037,0,90,0.18
575038,0,14,0.721
575041,0,10,0.9520000000000001
575048,0,89,0.186
575056,0,13,0.9400000000000001
575057,0,37,0.6920000000000001
575058,0,61,0.248
575060,0,31,0.581
575063,0,54,0.171
575064,0,59,0.167
575080,0,49,0.513
575088,0,48,0.298
575092,0,15,0.445
575111,0,55,0.33
575124,0,51,0.189
575130,0,27,0.457
575144,0,7,0.47200000000000003
575149,0,67,0.184
575150,0,26,0.9540000000000001
575160,0,101,0.281
575170,0,93,0.352
575172,0,38,0.377
575173,0,52,0.518
575175,0,100,0.248
575183,0,22,0.9460000000000001
575191,0,104,0.747
575203,0,62,0.194
575206,0,82,0.201
575209,0,105,0.161
575215,0,9,0.9540000000000001
575217,0,41,0.321
575219,0,35,0.249
575220,0,81,0.37
575224,0,17,0.963
575225,0,65,0.151
575236,0,94,0.9420000000000001
575240,0,33,0.303
575243,0,96,0.318
575249,0,92,0.646
575253,0,77,0.152
575271,0,34,0.28600000000000003
575278,0,98,0.16
575283,0,47,0.581
575289,0,28,0.447
575290,0,16,0.9
575295,0,80,0.928
575306,0,50,0.201
575307,0,23,0.937
575314,0,2,0.969
575351,0,43,0.244
575353,0,32,0.9530000000000001
575357,0,60,0.23500000000000001
575358,0,4,0.9520000000000001
578441,77,8,0.602
578444,77,1,0.365
578452,77,24,0.726
578459,77,5,0.28700000000000003
578467,77,25,0.22
578474,77,83,0.657
578482,77,73,0.685
578485,77,3,0.16
578492,77,20,0.556
578493,77,84,0.216
578494,77,21,0.73
578505,77,6,0.8130000000000001
578506,77,29,0.357
578510,77,14,0.28600000000000003
578512,77,10,0.247
578515,77,13,0.468
578516,77,37,0.17300000000000001
578518,77,31,0.32
578525,77,87,0.188
578527,77,15,0.378
578530,77,55,0.247
578537,77,27,0.268
578539,77,0,0.152
578543,77,26,0.607
578549,77,22,0.232
578560,77,9,0.227
578561,77,17,0.216
578572,77,28,0.291
578573,77,16,0.20500000000000002
578574,77,80,0.856
578577,77,23,0.502
578589,77,32,0.291
578590,77,4,0.515
581921,103,85,0.656
581932,103,36,0.995
581987,103,19,0.883
581994,103,86,0.311
582005,103,71,0.641
582058,103,69,0.295
582063,103,53,0.763
582079,103,83,0.521
582152,103,70,0.736
582158,103,66,0.9570000000000001
582169,103,73,0.582
582171,103,40,0.683
582209,103,102,0.583
582234,103,20,0.795
582276,103,72,0.5640000000000001
582291,103,95,0.5730000000000001
582330,103,6,0.557
582338,103,45,0.34900000000000003
582364,103,29,0.759
582392,103,90,0.41400000000000003
582412,103,89,0.4
582429,103,13,0.543
582430,103,37,0.9
582435,103,61,0.897
582436,103,31,0.724
582441,103,54,0.51
582442,103,42,0.178
582487,103,48,0.5700000000000001
582523,103,55,0.5700000000000001
582550,103,51,0.635
582565,103,27,0.28600000000000003
582570,103,0,0.255
582574,103,79,0.297
582599,103,74,0.25
582609,103,67,0.41200000000000003
582610,103,26,0.4
582624,103,101,0.64
582653,103,38,0.9500000000000001
582656,103,52,0.9380000000000001
582680,103,22,0.47400000000000003
582768,103,41,0.964
582769,103,35,0.452
582771,103,81,0.491
582805,103,94,0.863
582808,103,33,0.668
582812,103,96,0.92
582828,103,92,0.9570000000000001
582908,103,16,0.592
582910,103,44,0.40700000000000003
582952,103,50,0.44
582955,103,23,0.537
582973,103,2,0.537
582995,103,58,0.431
583064,103,43,0.311
583066,103,32,0.424
583069,103,60,0.429
583071,103,4,0.536
583091,103,99,0.293
583103,103,8,0.788
583133,103,76,0.34700000000000003
583139,103,1,0.269
583236,103,24,0.589
583278,103,5,0.161
583348,103,25,0.40900000000000003
583390,103,39,0.687
583444,103,78,0.161
583493,103,3,0.481
583506,103,30,0.796
583543,103,84,0.558
583545,103,21,0.551
583604,103,12,0.6980000000000001
583632,103,75,0.5750000000000001
583660,103,63,0.47300000000000003
583684,103,14,0.795
583686,103,10,0.733
583716,103,56,0.309
583735,103,59,0.379
583756,103,49,0.982
583794,103,15,0.41400000000000003
583808,103,11,0.5710000000000001
583906,103,7,0.994
583961,103,93,0.537
583977,103,100,0.682
584018,103,104,0.9590000000000001
584037,103,62,0.47000000000000003
584039,103,82,0.45
584064,103,9,0.354
584075,103,17,0.5630000000000001
584077,103,65,0.657
584165,103,34,0.936
584181,103,98,0.989
584192,103,47,0.87
584213,103,28,0.336
584221,103,80,0.313
584313,103,91,0.21
584340,103,18,0.745
584354,103,88,0.186
584357,103,64,0.396
604632,72,85,0.4
604637,72,36,0.5660000000000001
604667,72,19,0.354
604672,72,86,0.291
604683,72,71,0.243
604684,72,103,0.5640000000000001
604708,72,53,0.441
604722,72,83,0.265
604763,72,70,0.211
604767,72,66,0.591
604777,72,73,0.729
604778,72,40,0.199
604792,72,102,0.186
604809,72,20,0.511
604853,72,6,0.229
604871,72,29,0.47500000000000003
604884,72,90,0.446
604896,72,89,0.453
604907,72,13,0.28200000000000003
604908,72,37,0.45
604910,72,61,0.557
604912,72,31,0.47500000000000003
604913,72,54,0.662
604934,72,48,0.709
604956,72,55,0.7020000000000001
604976,72,51,0.186
604988,72,0,0.152
604992,72,79,0.427
605013,72,74,0.228
605018,72,26,0.28400000000000003
605022,72,101,0.444
605040,72,38,0.557
605041,72,52,0.441
605054,72,22,0.187
605094,72,41,0.652
605095,72,35,0.298
605096,72,81,0.323
605116,72,94,0.559
605120,72,33,0.683
605122,72,96,0.714
605128,72,92,0.548
605175,72,16,0.42
605196,72,50,0.191
605197,72,23,0.39
605206,72,2,0.275
605259,72,32,0.187
605261,72,4,0.311
605280,72,8,0.41200000000000003
605292,72,76,0.161
605295,72,1,0.198
605344,72,24,0.34700000000000003
605401,72,25,0.19
605453,72,78,0.309
605487,72,3,0.358
605492,72,30,0.836
605512,72,84,0.252
605515,72,21,0.222
605563,72,12,0.43
605578,72,75,0.227
605592,72,63,0.33
605604,72,14,0.545
605605,72,10,0.34900000000000003
605627,72,56,0.489
605649,72,49,0.422
605674,72,15,0.159
605677,72,11,0.984
605726,72,7,0.871
605764,72,100,0.189
605777,72,104,0.768
605789,72,62,0.893
605791,72,82,0.684
605804,72,9,0.152
605808,72,17,0.246
605857,72,34,0.706
605863,72,98,0.92
605871,72,47,0.406
605880,72,28,0.163
605884,72,80,0.398
605940,72,91,0.20400000000000001
605961,72,88,0.224
631289,52,85,0.8150000000000001
631299,52,36,0.904
631348,52,19,0.7030000000000001
631353,52,86,0.40700000000000003
631367,52,71,0.418
631371,52,103,0.9380000000000001
631407,52,69,0.326
631413,52,53,0.731
631416,52,57,0.278
631435,52,83,0.497
631508,52,70,0.796
631514,52,66,0.975
631526,52,73,0.511
631527,52,40,0.629
631561,52,102,0.62
631589,52,20,0.771
631636,52,72,0.441
631652,52,95,0.559
631688,52,6,0.92
631692,52,45,0.376
631714,52,29,0.685
631747,52,90,0.423
631768,52,89,0.51
631784,52,13,0.398
631787,52,37,0.902
631793,52,61,0.641
631794,52,31,0.769
631797,52,54,0.47500000000000003
631842,52,48,0.452
631884,52,55,0.706
631914,52,51,0.801
631930,52,27,0.163
631937,52,0,0.518
631941,52,79,0.265
631965,52,74,0.292
631976,52,67,0.324
631977,52,26,0.216
631988,52,101,0.629
632025,52,38,0.8160000000000001
632051,52,22,0.464
632142,52,41,0.921
632144,52,35,0.299
632146,52,81,0.48
632171,52,68,0.222
632175,52,94,0.887
632179,52,33,0.716
632185,52,96,0.738
632204,52,92,0.9460000000000001
632288,52,16,0.55
632290,52,44,0.244
632333,52,50,0.37
632336,52,23,0.355
632351,52,2,0.581
632372,52,58,0.541
632437,52,43,0.28400000000000003
632440,52,32,0.395
632443,52,60,0.423
632445,52,4,0.504
632469,52,99,0.51
632482,52,8,0.902
632507,52,76,0.297
632512,52,1,0.399
632615,52,24,0.561
632665,52,5,0.192
632735,52,25,0.374
632778,52,39,0.756
632790,52,97,0.17500000000000002
632833,52,78,0.185
632896,52,3,0.613
632908,52,30,0.735
632950,52,84,0.726
632953,52,21,0.456
633015,52,12,0.666
633048,52,75,0.536
633074,52,63,0.47400000000000003
633098,52,14,0.798
633100,52,10,0.777
633134,52,56,0.248
633153,52,59,0.44
633175,52,49,0.896
633211,52,15,0.313
633221,52,11,0.47300000000000003
633327,52,7,0.8150000000000001
633387,52,93,0.446
633406,52,100,0.616
633440,52,104,0.9390000000000001
633458,52,62,0.28200000000000003
633461,52,82,0.47300000000000003
633485,52,9,0.532
633498,52,17,0.628
633500,52,65,0.397
633584,52,34,0.8130000000000001
633603,52,98,0.806
633616,52,47,0.87
633638,52,28,0.39
633648,52,80,0.35100000000000003
633749,52,91,0.189
633770,52,18,0.361
633786,52,88,0.187
633788,52,64,0.309
700275,93,41,0.9460000000000001
700278,93,8,0.306
700283,93,17,0.188
700288,93,49,0.53
700303,93,48,0.161
700306,93,1,0.226
700313,93,70,0.355
700316,93,66,0.608
700317,93,94,0.465
700324,93,96,0.34500000000000003
700327,93,40,0.21
700329,93,11,0.189
700333,93,92,0.966
700336,93,3,0.34800000000000003
700345,93,30,0.41200000000000003
700359,93,34,0.9450000000000001
700361,93,51,0.179
700366,93,98,0.28500000000000003
700368,93,20,0.444
700375,93,84,0.18
700380,93,47,0.462
700388,93,0,0.352
700395,93,36,0.47900000000000004
700399,93,28,0.243
700400,93,16,0.24
700408,93,7,0.495
700417,93,67,0.184
700418,93,12,0.41500000000000004
700425,93,19,0.20800000000000002
700435,93,2,0.39
700440,93,45,0.23900000000000002
700446,93,103,0.537
700453,93,38,0.442
700455,93,52,0.446
700458,93,58,0.996
700461,93,29,0.35100000000000003
700462,93,100,0.264
700465,93,25,0.17400000000000002
700479,93,14,0.385
700480,93,10,0.23
700484,93,53,0.222
700489,93,104,0.555
700491,93,39,0.242
700499,93,83,0.151
700502,93,56,0.26
700512,93,37,0.928
700516,93,61,0.26
700517,93,31,0.188
702564,41,85,0.7000000000000001
702572,41,36,0.9570000000000001
702623,41,19,0.914
702628,41,86,0.28600000000000003
702641,41,71,0.676
702645,41,103,0.964
702685,41,69,0.248
702690,41,53,0.972
702705,41,83,0.444
702780,41,70,0.715
702788,41,66,0.992
702802,41,73,0.588
702803,41,40,0.709
702838,41,102,0.641
702862,41,20,0.811
702897,41,72,0.652
702913,41,95,0.449
702950,41,6,0.5750000000000001
702959,41,45,0.41200000000000003
702975,41,29,0.9460000000000001
703001,41,90,0.495
703017,41,89,0.47300000000000003
703037,41,13,0.556
703039,41,37,0.991
703043,41,61,0.918
703044,41,31,0.747
703047,41,54,0.6950000000000001
703049,41,42,0.177
703088,41,48,0.648
703117,41,55,0.591
703143,41,51,0.583
703158,41,27,0.593
703164,41,0,0.321
703168,41,79,0.294
703191,41,74,0.29
703204,41,67,0.354
703205,41,26,0.422
703216,41,101,0.881
703242,41,38,0.902
703246,41,52,0.921
703264,41,22,0.723
703351,41,35,0.642
703353,41,81,0.511
703377,41,68,0.218
703381,41,94,0.992
703384,41,33,0.752
703388,41,96,0.86
703406,41,92,0.972
703480,41,16,0.657
703482,41,44,0.5690000000000001
703522,41,50,0.444
703525,41,23,0.549
703542,41,2,0.607
703563,41,58,0.9500000000000001
703623,41,43,0.42
703625,41,32,0.707
703627,41,60,0.729
703629,41,4,0.582
703650,41,99,0.269
703662,41,8,0.799
703684,41,76,0.538
703690,41,1,0.331
703781,41,24,0.98
703825,41,5,0.23500000000000001
703897,41,25,0.669
703935,41,39,0.742
703983,41,78,0.185
704026,41,3,0.5750000000000001
704036,41,30,0.868
704066,41,84,0.76
704069,41,21,0.56
704118,41,12,0.704
704151,41,75,0.668
704176,41,63,0.736
704196,41,14,0.991
704198,41,10,0.745
704230,41,56,0.296
704250,41,59,0.39
704270,41,49,0.9510000000000001
704307,41,15,0.784
704320,41,11,0.491
704424,41,7,0.921
704476,41,93,0.9460000000000001
704495,41,100,0.712
704527,41,104,0.996
704543,41,62,0.441
704545,41,82,0.524
704565,41,9,0.456
704577,41,17,0.63
704581,41,65,0.41600000000000004
704666,41,34,0.971
704679,41,98,0.84
704687,41,47,0.986
704703,41,28,0.751
704713,41,80,0.445
704809,41,91,0.358
704830,41,18,0.47300000000000003
704842,41,88,0.19
704843,41,64,0.398
704943,36,85,0.441
704969,36,19,0.67
704973,36,86,0.223
704981,36,71,0.592
704983,36,103,0.995
705000,36,69,0.20500000000000002
705003,36,53,0.659
705011,36,83,0.404
705045,36,70,0.683
705049,36,66,0.874
705059,36,73,0.47600000000000003
705060,36,40,0.67
705077,36,102,0.47400000000000003
705091,36,20,0.8260000000000001
705111,36,72,0.5660000000000001
705117,36,95,0.28200000000000003
705141,36,6,0.519
705144,36,45,0.245
705154,36,29,0.912
705168,36,90,0.398
705173,36,89,0.315
705184,36,13,0.422
705185,36,37,0.732
705187,36,61,0.935
705189,36,31,0.727
705191,36,54,0.374
705215,36,48,0.559
705233,36,55,0.53
705247,36,51,0.441
705254,36,27,0.294
705259,36,0,0.23
705262,36,79,0.185
705278,36,74,0.22
705286,36,67,0.34700000000000003
705287,36,26,0.354
705290,36,101,0.8320000000000001
705302,36,38,0.805
705304,36,52,0.904
705318,36,22,0.511
705361,36,41,0.9570000000000001
705362,36,35,0.63
705364,36,81,0.4
705378,36,94,0.838
705380,36,33,0.602
705383,36,96,0.835
705393,36,92,0.922
705428,36,16,0.672
705429,36,44,0.594
705448,36,50,0.358
705449,36,23,0.653
705458,36,2,0.5730000000000001
705469,36,58,0.34400000000000003
705505,36,43,0.41200000000000003
705507,36,32,0.497
705509,36,60,0.422
705510,36,4,0.511
705521,36,99,0.187
705526,36,8,0.787
705540,36,76,0.388
705544,36,1,0.23900000000000002
705598,36,24,0.668
705617,36,5,0.189
705650,36,25,0.673
705669,36,39,0.6990000000000001
705698,36,78,0.185
705724,36,3,0.518
705731,36,30,0.8210000000000001
705747,36,84,0.56
705749,36,21,0.43
705777,36,12,0.7010000000000001
705793,36,75,0.519
705804,36,63,0.311
705813,36,14,0.801
705814,36,10,0.723
705827,36,56,0.21
705842,36,59,0.329
705854,36,49,0.899
705876,36,15,0.669
705879,36,11,0.47300000000000003
705936,36,7,0.989
705960,36,93,0.47900000000000004
705968,36,100,0.678
705983,36,104,0.893
705990,36,62,0.426
705991,36,82,0.42
706006,36,9,0.243
706011,36,17,0.549
706013,36,65,0.20400000000000001
706049,36,34,0.932
706054,36,98,0.987
706057,36,47,0.725
706066,36,28,0.426
706069,36,80,0.265
706114,36,91,0.181
706123,36,18,0.267
706133,36,88,0.169
706134,36,64,0.34700000000000003
827925,74,85,0.906
827929,74,36,0.22
827959,74,86,0.549
827969,74,71,0.161
827970,74,103,0.25
827987,74,53,0.34900000000000003
828014,74,70,0.258
828017,74,66,0.382
828022,74,73,0.32
828039,74,102,0.211
828048,74,20,0.244
828060,74,72,0.228
828081,74,29,0.20600000000000002
828103,74,89,0.313
828110,74,13,0.20500000000000002
828111,74,37,0.448
828113,74,61,0.25
828115,74,54,0.922
828129,74,48,0.28200000000000003
828145,74,55,0.733
828161,74,27,0.187
828164,74,79,0.931
828184,74,26,0.155
828196,74,38,0.229
828198,74,52,0.292
828206,74,22,0.163
828236,74,41,0.29
828251,74,94,0.296
828253,74,33,0.218
828256,74,96,0.198
828260,74,92,0.34900000000000003
828299,74,16,0.197
828358,74,60,0.184
828360,74,4,0.17300000000000001
828373,74,8,0.169
828384,74,1,0.909
828439,74,5,0.176
828464,74,25,0.17500000000000002
828500,74,78,0.398
828527,74,3,0.226
828533,74,30,0.197
828546,74,84,0.17200000000000001
828547,74,21,0.193
828570,74,12,0.221
828597,74,63,0.195
828607,74,14,0.267
828609,74,10,0.15
828618,74,56,0.365
828638,74,49,0.222
828695,74,7,0.28600000000000003
828730,74,100,0.232
828740,74,104,0.429
828754,74,82,0.222
828772,74,17,0.234
828805,74,34,0.268
828812,74,98,0.161
828819,74,47,0.187
828832,74,80,0.907
932695,43,8,0.267
932718,43,24,0.25
932723,43,36,0.41200000000000003
932731,43,5,0.268
932734,43,19,0.159
932741,43,103,0.311
932745,43,25,0.165
932749,43,69,0.161
932751,43,53,0.267
932753,43,57,0.216
932767,43,66,0.443
932769,43,73,0.157
932770,43,40,0.359
932776,43,3,0.446
932779,43,30,0.396
932780,43,102,0.188
932784,43,20,0.216
932788,43,84,0.20700000000000002
932801,43,95,0.194
932802,43,12,0.491
932808,43,6,0.211
932809,43,75,0.23600000000000002
932812,43,29,0.539
932817,43,14,0.354
932818,43,10,0.188
932823,43,37,0.343
932824,43,61,0.313
932825,43,31,0.185
932827,43,59,0.263
932834,43,49,0.26
932842,43,48,0.248
932846,43,15,0.224
932858,43,51,0.153
932865,43,27,0.17300000000000001
932868,43,0,0.244
932872,43,7,0.313
932876,43,26,0.267
932879,43,101,0.34900000000000003
932880,43,38,0.267
932881,43,52,0.28400000000000003
932884,43,100,0.255
932888,43,22,0.293
932893,43,104,0.517
932909,43,41,0.42
932910,43,35,0.251
932912,43,17,0.538
932919,43,94,0.47300000000000003
932920,43,96,0.222
932921,43,92,0.4
932929,43,34,0.632
932932,43,98,0.184
932935,43,47,0.307
932941,43,28,0.163
932942,43,16,0.298
932944,43,44,0.309
932953,43,50,0.372
932955,43,23,0.218
932959,43,2,0.446
932969,43,91,0.294
932979,43,60,0.327
932980,43,4,0.255
969022,65,8,0.325
969068,65,24,0.247
969072,65,36,0.20400000000000001
969086,65,19,0.656
969092,65,71,0.767
969095,65,103,0.657
969103,65,69,0.47000000000000003
969104,65,53,0.364
969106,65,39,0.248
969131,65,70,0.28
969133,65,66,0.633
969138,65,73,0.159
969148,65,102,0.164
969151,65,20,0.312
969154,65,84,0.182
969155,65,21,0.212
969179,65,12,0.23900000000000002
969183,65,6,0.171
969187,65,75,0.384
969191,65,63,0.398
969200,65,14,0.297
969201,65,10,0.317
969214,65,13,0.23600000000000002
969215,65,37,0.23600000000000002
969216,65,61,0.319
969217,65,31,0.28400000000000003
969231,65,49,0.295
969266,65,51,0.15
969273,65,0,0.151
969286,65,7,0.484
969290,65,67,0.463
969300,65,38,0.651
969302,65,52,0.397
969309,65,104,0.448
969324,65,9,0.23500000000000001
969327,65,41,0.41600000000000004
969331,65,17,0.196
969340,65,68,0.275
969343,65,94,0.279
969344,65,33,0.24
969345,65,96,0.42
969351,65,92,0.459
969358,65,34,0.27
969363,65,98,0.188
969365,65,47,0.317
969371,65,16,0.23
969381,65,50,0.188
969384,65,2,0.269
969401,65,18,0.773
969406,65,88,0.151
969407,65,64,0.705
969411,65,4,0.159
970576,18,8,0.267
970629,18,24,0.241
970635,18,36,0.267
970647,18,19,0.8320000000000001
970654,18,71,0.731
970657,18,103,0.745
970665,18,69,0.41400000000000003
970669,18,39,0.195
970704,18,70,0.449
970707,18,66,0.594
970712,18,73,0.165
970713,18,40,0.169
970726,18,30,0.23800000000000002
970734,18,20,0.298
970739,18,21,0.28300000000000003
970767,18,12,0.245
970773,18,6,0.18
970778,18,75,0.491
970788,18,63,0.327
970796,18,14,0.25
970797,18,10,0.191
970807,18,13,0.25
970809,18,37,0.217
970810,18,61,0.20600000000000002
970811,18,31,0.226
970824,18,49,0.429
970887,18,7,0.457
970895,18,67,0.355
970909,18,38,0.489
970911,18,52,0.361
970915,18,100,0.256
970919,18,22,0.20700000000000002
970927,18,104,0.483
