84	85	0.273
84	36	0.56
84	19	0.47
84	86	0.256
84	71	0.15
84	103	0.558
84	69	0.2
84	53	0.4
84	83	0.634
84	70	0.25
84	66	0.801
84	73	0.966
84	40	0.173
84	102	0.309
84	20	0.974
84	72	0.252
84	95	0.225
84	6	0.956
84	29	0.691
84	90	0.171
84	89	0.306
84	13	0.955
84	37	0.577
84	61	0.52
84	31	0.698
84	54	0.285
84	48	0.311
84	55	0.5
84	51	0.213
84	27	0.473
84	0	0.953
84	79	0.207
84	74	0.172
84	67	0.199
84	26	0.952
84	101	0.315
84	38	0.588
84	52	0.726
84	22	0.95
84	41	0.76
84	81	0.324
84	94	0.967
84	33	0.53
84	96	0.54
84	92	0.676
84	77	0.216
84	16	0.716
84	44	0.15
84	23	0.937
84	2	0.958
84	43	0.207
84	32	0.943
84	60	0.178
84	4	0.951
84	8	0.97
84	76	0.549
84	1	0.942
84	24	0.644
84	5	0.42
84	25	0.551
84	39	0.391
84	78	0.16
84	3	0.959
84	30	0.599
84	21	0.954
84	12	0.969
84	75	0.21
84	63	0.259
84	14	0.819
84	10	0.966
84	56	0.231
84	59	0.154
84	49	0.579
84	87	0.386
84	15	0.473
84	11	0.17
84	7	0.628
84	93	0.18
84	100	0.242
84	104	0.681
84	82	0.222
84	9	0.962
84	17	0.958
84	65	0.182
84	34	0.594
84	98	0.475
84	47	0.548
84	28	0.447
84	80	0.945
84	91	0.435
84	88	0.579
84	64	0.284
62	8	0.266
62	1	0.359
62	24	0.242
62	85	0.313
62	36	0.426
62	19	0.375
62	103	0.47
62	25	0.15
62	53	0.256
62	39	0.226
62	83	0.211
62	78	0.174
62	66	0.4
62	73	0.585
62	40	0.223
62	3	0.375
62	30	0.956
62	20	0.358
62	72	0.893
62	12	0.29
62	6	0.26
62	29	0.25
62	63	0.15
62	90	0.433
62	14	0.325
62	10	0.266
62	89	0.355
62	56	0.427
62	13	0.311
62	37	0.295
62	61	0.416
62	31	0.311
62	54	0.354
62	49	0.29
62	48	0.731
62	15	0.167
62	11	0.966
62	55	0.445
62	27	0.163
62	0	0.194
62	79	0.227
62	7	0.706
62	101	0.163
62	38	0.416
62	52	0.282
62	22	0.171
62	104	0.701
62	82	0.473
62	41	0.441
62	35	0.21
62	94	0.4
62	33	0.48
62	96	0.555
62	92	0.382
62	34	0.293
62	98	0.84
62	47	0.275
62	16	0.246
62	80	0.595
62	23	0.386
62	2	0.185
62	32	0.183
62	60	0.242
62	4	0.366
81	100	0.212
81	104	0.679
81	82	0.349
81	9	0.25
81	17	0.297
81	85	0.258
81	36	0.4
81	34	0.441
81	19	0.297
81	98	0.288
81	47	0.537
81	103	0.491
81	28	0.286
81	80	0.249
81	53	0.284
81	83	0.16
81	70	0.21
81	88	0.267
81	66	0.649
81	73	0.514
81	102	0.347
81	20	0.531
81	72	0.323
81	95	0.212
81	6	0.337
81	29	0.389
81	90	0.242
81	89	0.374
81	13	0.194
81	37	0.533
81	61	0.286
81	31	0.453
81	54	0.45
81	48	0.25
81	55	0.384
81	27	0.171
81	0	0.37
81	79	0.155
81	26	0.195
81	101	0.186
81	38	0.4
81	52	0.48
81	22	0.195
81	105	0.224
81	41	0.511
81	94	0.675
81	33	0.393
81	96	0.309
81	92	0.641
81	16	0.398
81	44	0.165
81	23	0.307
81	2	0.35
81	32	0.167
81	4	0.188
81	8	0.477
81	76	0.345
81	1	0.288
81	24	0.298
81	5	0.185
81	25	0.161
81	3	0.406
81	30	0.4
81	84	0.324
81	21	0.187
81	12	0.52
81	75	0.22
81	63	0.267
81	14	0.65
81	10	0.396
81	56	0.167
81	49	0.678
81	11	0.25
81	7	0.448
90	8	0.413
90	76	0.494
90	1	0.261
90	24	0.242
90	85	0.313
90	36	0.398
90	19	0.265
90	103	0.414
90	25	0.198
90	69	0.171
90	53	0.447
90	39	0.358
90	83	0.193
90	70	0.269
90	66	0.681
90	73	0.356
90	40	0.266
90	3	0.356
90	30	0.548
90	102	0.369
90	20	0.441
90	84	0.171
90	21	0.156
90	72	0.446
90	95	0.315
90	12	0.468
90	6	0.228
90	45	0.39
90	75	0.246
90	29	0.595
90	63	0.422
90	14	0.711
90	10	0.658
90	89	0.559
90	56	0.359
90	13	0.484
90	37	0.795
90	61	0.309
90	31	0.62
90	54	0.694
90	59	0.156
90	49	0.473
90	48	0.807
90	15	0.187
90	11	0.398
90	55	0.74
90	27	0.161
90	0	0.18
90	79	0.17
90	7	0.685
90	101	0.537
90	38	0.377
90	52	0.423
90	100	0.165
90	22	0.154
90	104	0.925
90	62	0.433
90	82	0.837
90	41	0.495
90	35	0.7
90	81	0.242
90	17	0.282
90	94	0.582
90	33	0.423
90	96	0.446
90	92	0.532
90	34	0.473
90	98	0.473
90	47	0.311
90	28	0.351
90	16	0.34
90	80	0.193
90	50	0.207
90	2	0.369
90	88	0.16
90	64	0.323
90	32	0.24
90	60	0.29
90	4	0.231
24	8	0.747
24	76	0.261
24	1	0.469
24	85	0.266
24	36	0.668
24	5	0.412
24	19	0.539
24	86	0.211
24	71	0.485
24	103	0.589
24	25	0.712
24	69	0.247
24	53	0.421
24	39	0.232
24	83	0.576
24	70	0.279
24	66	0.663
24	73	0.654
24	40	0.315
24	3	0.596
24	30	0.51
24	102	0.372
24	20	0.252
24	84	0.644
24	21	0.795
24	72	0.347
24	12	0.674
24	6	0.681
24	45	0.179
24	75	0.284
24	29	0.728
24	63	0.3
24	90	0.242
24	14	0.733
24	10	0.195
24	89	0.286
24	56	0.185
24	13	0.688
24	37	0.508
24	61	0.552
24	31	0.197
24	54	0.279
24	59	0.208
24	49	0.641
24	48	0.309
24	87	0.386
24	15	0.571
24	55	0.398
24	51	0.228
24	0	0.462
24	79	0.15
24	7	0.649
24	26	0.597
24	101	0.51
24	38	0.567
24	52	0.561
24	100	0.398
24	22	0.68
24	104	0.676
24	62	0.242
24	82	0.209
24	9	0.509
24	41	0.98
24	35	0.416
24	81	0.298
24	17	0.701
24	65	0.247
24	94	0.672
24	33	0.532
24	96	0.549
24	92	0.971
24	77	0.726
24	34	0.968
24	98	0.474
24	47	0.491
24	28	0.15
24	16	0.178
24	44	0.25
24	80	0.423
24	50	0.199
24	23	0.588
24	2	0.588
24	91	0.254
24	18	0.241
24	64	0.168
24	43	0.25
24	32	0.169
24	60	0.208
24	4	0.64
76	8	0.349
76	1	0.324
76	24	0.261
76	85	0.171
76	36	0.388
76	19	0.312
76	103	0.347
76	25	0.298
76	53	0.193
76	39	0.35
76	70	0.163
76	66	0.864
76	73	0.55
76	3	0.296
76	30	0.282
76	102	0.427
76	20	0.438
76	84	0.549
76	72	0.161
76	12	0.93
76	45	0.153
76	75	0.238
76	29	0.323
76	63	0.242
76	90	0.494
76	14	0.706
76	10	0.607
76	89	0.61
76	56	0.212
76	37	0.533
76	61	0.228
76	31	0.379
76	54	0.367
76	49	0.446
76	48	0.167
76	55	0.242
76	7	0.311
76	101	0.294
76	38	0.297
76	52	0.297
76	100	0.229
76	104	0.877
76	82	0.211
76	9	0.194
76	41	0.538
76	35	0.441
76	81	0.345
76	17	0.21
76	94	0.603
76	33	0.286
76	96	0.266
76	92	0.605
76	34	0.538
76	98	0.167
76	47	0.474
76	28	0.368
76	16	0.257
76	80	0.223
76	2	0.19
76	88	0.171
76	64	0.197
42	8	0.195
42	49	0.294
42	7	0.171
42	103	0.178
42	100	0.2
42	104	0.329
42	41	0.177
42	35	0.161
42	17	0.195
42	66	0.25
42	96	0.152
42	40	0.156
42	92	0.383
42	47	0.171
42	50	0.233
42	45	0.984
42	58	0.975
42	10	0.173
42	60	0.165
42	31	0.212
42	59	0.167
85	36	0.441
85	19	0.362
85	70	0.526
85	66	0.785
85	40	0.167
85	102	0.498
85	20	0.491
85	72	0.4
85	90	0.313
85	89	0.555
85	13	0.185
85	37	0.736
85	61	0.244
85	31	0.607
85	54	0.97
85	55	0.765
85	51	0.347
85	79	0.95
85	67	0.185
85	52	0.815
85	81	0.258
85	68	0.198
85	33	0.395
85	96	0.294
85	92	0.82
85	16	0.258
85	23	0.185
85	2	0.265
85	4	0.186
85	8	0.372
85	1	0.921
85	30	0.42
85	21	0.15
85	12	0.395
85	75	0.214
85	14	0.673
85	10	0.449
85	56	0.5
85	17	0.3
85	98	0.349
85	47	0.433
85	28	0.252
85	86	0.513
85	103	0.656
85	69	0.189
85	53	0.586
85	73	0.473
85	95	0.283
85	6	0.267
85	29	0.321
85	48	0.347
85	74	0.906
85	101	0.25
85	38	0.354
85	22	0.187
85	41	0.7
85	94	0.661
85	50	0.186
85	76	0.171
85	24	0.266
85	25	0.216
85	39	0.304
85	78	0.563
85	3	0.286
85	84	0.273
85	63	0.364
85	49	0.621
85	15	0.189
85	11	0.311
85	7	0.51
85	100	0.27
85	104	0.839
85	62	0.313
85	82	0.398
85	9	0.186
85	34	0.536
85	80	0.93
85	91	0.187
54	85	0.97
54	36	0.374
54	19	0.302
54	86	0.58
54	103	0.51
54	53	0.372
54	70	0.152
54	66	0.64
54	73	0.719
54	40	0.171
54	102	0.377
54	20	0.706
54	72	0.662
54	95	0.226
54	6	0.27
54	29	0.433
54	90	0.694
54	89	0.774
54	13	0.26
54	37	0.518
54	61	0.25
54	31	0.425
54	48	0.461
54	55	0.904
54	51	0.194
54	0	0.171
54	79	0.946
54	74	0.922
54	101	0.179
54	38	0.414
54	52	0.475
54	22	0.165
54	105	0.185
54	41	0.695
54	81	0.45
54	94	0.81
54	33	0.459
54	96	0.941
54	92	0.653
54	16	0.378
54	23	0.297
54	2	0.549
54	4	0.15
54	8	0.68
54	76	0.367
54	1	0.923
54	24	0.279
54	5	0.231
54	39	0.359
54	78	0.424
54	3	0.426
54	30	0.648
54	84	0.285
54	21	0.169
54	12	0.681
54	75	0.224
54	63	0.398
54	14	0.785
54	10	0.426
54	56	0.655
54	49	0.446
54	11	0.487
54	7	0.551
54	104	0.831
54	62	0.354
54	82	0.581
54	9	0.267
54	17	0.245
54	34	0.43
54	98	0.416
54	47	0.398
54	28	0.246
54	80	0.929
54	88	0.211
64	8	0.319
64	76	0.197
64	1	0.191
64	24	0.168
64	36	0.347
64	19	0.661
64	71	0.708
64	103	0.396
64	25	0.379
64	69	0.515
64	53	0.229
64	57	0.178
64	83	0.379
64	70	0.418
64	66	0.601
64	73	0.167
64	40	0.184
64	3	0.181
64	30	0.194
64	102	0.209
64	20	0.368
64	84	0.284
64	21	0.25
64	12	0.228
64	6	0.223
64	75	0.475
64	29	0.266
64	63	0.441
64	90	0.323
64	14	0.229
64	10	0.61
64	89	0.186
64	13	0.251
64	37	0.282
64	61	0.323
64	31	0.509
64	49	0.362
64	7	0.329
64	67	0.624
64	26	0.27
64	101	0.173
64	38	0.292
64	52	0.309
64	22	0.358
64	104	0.371
64	41	0.398
64	17	0.169
64	65	0.705
64	68	0.365
64	94	0.404
64	33	0.266
64	96	0.286
64	92	0.416
64	34	0.33
64	98	0.307
64	47	0.227
64	28	0.189
64	80	0.152
64	50	0.302
64	23	0.293
64	2	0.203
64	18	0.683
64	60	0.176
64	4	0.332
30	85	0.42
30	36	0.821
30	19	0.533
30	86	0.297
30	71	0.195
30	103	0.796
30	69	0.17
30	53	0.733
30	83	0.29
30	70	0.567
30	66	0.827
30	73	0.863
30	40	0.473
30	102	0.579
30	20	0.826
30	72	0.836
30	95	0.253
30	6	0.549
30	45	0.156
30	29	0.824
30	90	0.548
30	89	0.473
30	13	0.295
30	37	0.859
30	61	0.782
30	31	0.764
30	54	0.648
30	48	0.7
30	55	0.673
30	51	0.443
30	27	0.351
30	0	0.415
30	79	0.33
30	74	0.197
30	67	0.238
30	26	0.252
30	101	0.458
30	38	0.762
30	52	0.735
30	22	0.489
30	41	0.868
30	35	0.396
30	81	0.4
30	94	0.862
30	33	0.799
30	96	0.804
30	92	0.987
30	16	0.693
30	44	0.653
30	50	0.265
30	23	0.448
30	2	0.744
30	58	0.248
30	43	0.396
30	32	0.34
30	60	0.357
30	4	0.477
30	99	0.242
30	8	0.778
30	76	0.282
30	1	0.284
30	24	0.51
30	5	0.194
30	25	0.44
30	39	0.293
30	78	0.217
30	3	0.719
30	84	0.599
30	21	0.337
30	12	0.802
30	75	0.416
30	63	0.425
30	14	0.885
30	10	0.76
30	56	0.398
30	59	0.179
30	49	0.899
30	15	0.296
30	11	0.981
30	7	0.931
30	93	0.412
30	100	0.74
30	104	0.921
30	62	0.956
30	82	0.647
30	9	0.307
30	17	0.605
30	34	0.809
30	98	0.897
30	47	0.639
30	28	0.32
30	80	0.407
30	91	0.197
30	18	0.238
30	88	0.171
30	64	0.194
14	85	0.673
14	36	0.801
14	19	0.797
14	86	0.29
14	71	0.317
14	103	0.795
14	69	0.284
14	53	0.7
14	83	0.593
14	70	0.502
14	66	0.971
14	73	0.801
14	40	0.473
14	102	0.68
14	20	0.432
14	72	0.545
14	95	0.385
14	6	0.744
14	45	0.194
14	29	0.295
14	90	0.711
14	89	0.809
14	13	0.197
14	37	0.95
14	61	0.708
14	31	0.244
14	54	0.785
14	48	0.528
14	55	0.67
14	51	0.557
14	27	0.873
14	0	0.721
14	79	0.46
14	74	0.267
14	67	0.242
14	26	0.557
14	101	0.784
14	38	0.761
14	52	0.798
14	22	0.708
14	41	0.991
14	35	0.398
14	81	0.65
14	68	0.16
14	94	0.98
14	33	0.844
14	96	0.725
14	92	0.995
14	77	0.286
14	16	0.334
14	44	0.388
14	50	0.311
14	23	0.54
14	2	0.903
14	58	0.199
14	43	0.354
14	32	0.159
14	60	0.347
14	4	0.89
14	99	0.213
14	8	0.941
14	76	0.706
14	1	0.573
14	24	0.733
14	5	0.517
14	25	0.158
14	39	0.587
14	78	0.398
14	3	0.815
14	30	0.885
14	84	0.819
14	21	0.76
14	12	0.902
14	75	0.491
14	63	0.766
14	10	0.512
14	56	0.443
14	59	0.216
14	49	0.93
14	15	0.643
14	11	0.683
14	7	0.913
14	93	0.385
14	100	0.539
14	104	0.982
14	62	0.325
14	82	0.7
14	9	0.598
14	17	0.795
14	65	0.297
14	34	0.981
14	98	0.668
14	47	0.749
14	28	0.689
14	80	0.68
14	91	0.401
14	18	0.25
14	88	0.605
14	64	0.229
22	8	0.967
22	1	0.94
22	24	0.68
22	85	0.187
22	36	0.511
22	5	0.398
22	19	0.339
22	71	0.184
22	103	0.474
22	25	0.673
22	69	0.195
22	53	0.401
22	83	0.694
22	70	0.288
22	66	0.538
22	73	0.954
22	40	0.211
22	3	0.959
22	30	0.489
22	102	0.274
22	20	0.966
22	84	0.95
22	21	0.958
22	72	0.187
22	95	0.257
22	12	0.963
22	6	0.985
22	75	0.205
22	29	0.692
22	63	0.193
22	90	0.154
22	14	0.708
22	10	0.918
22	89	0.161
22	13	0.956
22	37	0.421
22	61	0.42
22	31	0.215
22	54	0.165
22	49	0.519
22	48	0.269
22	15	0.515
22	55	0.211
22	51	0.154
22	27	0.622
22	0	0.946
22	79	0.167
22	7	0.56
22	74	0.163
22	26	0.957
22	101	0.33
22	38	0.355
22	52	0.464
22	100	0.286
22	104	0.562
22	62	0.171
22	82	0.165
22	9	0.949
22	41	0.723
22	35	0.296
22	81	0.195
22	17	0.959
22	94	0.958
22	33	0.48
22	96	0.354
22	92	0.573
22	77	0.232
22	34	0.565
22	98	0.452
22	47	0.331
22	28	0.615
22	16	0.251
22	44	0.212
22	80	0.944
22	50	0.196
22	23	0.95
22	2	0.957
22	58	0.161
22	91	0.212
22	18	0.207
22	64	0.358
22	43	0.293
22	32	0.916
22	60	0.157
22	4	0.961
32	8	0.974
32	1	0.955
32	24	0.169
32	36	0.497
32	5	0.477
32	19	0.187
32	103	0.424
32	25	0.65
32	69	0.211
32	53	0.398
32	83	0.658
32	70	0.311
32	66	0.7
32	73	0.962
32	3	0.956
32	30	0.34
32	102	0.287
32	20	0.929
32	84	0.943
32	21	0.963
32	72	0.187
32	12	0.956
32	6	0.971
32	75	0.158
32	29	0.368
32	63	0.158
32	90	0.24
32	14	0.159
32	10	0.913
32	89	0.217
32	13	0.966
32	37	0.776
32	61	0.341
32	31	0.163
32	49	0.395
32	48	0.222
32	15	0.3
32	55	0.167
32	27	0.187
32	0	0.953
32	7	0.471
32	67	0.157
32	26	0.957
32	101	0.344
32	38	0.388
32	52	0.395
32	100	0.17
32	22	0.916
32	104	0.576
32	62	0.183
32	105	0.151
32	9	0.949
32	41	0.707
32	35	0.372
32	81	0.167
32	17	0.957
32	94	0.959
32	33	0.286
32	96	0.366
32	92	0.484
32	77	0.291
32	34	0.511
32	98	0.349
32	47	0.356
32	28	0.6
32	16	0.211
32	80	0.948
32	23	0.952
32	2	0.946
32	60	0.214
32	4	0.954
0	8	0.933
0	1	0.964
0	24	0.462
0	36	0.23
0	5	0.537
0	19	0.166
0	103	0.255
0	25	0.491
0	69	0.171
0	53	0.485
0	57	0.242
0	39	0.307
0	83	0.428
0	70	0.193
0	66	0.47
0	73	0.959
0	3	0.921
0	30	0.415
0	102	0.268
0	20	0.965
0	84	0.953
0	21	0.948
0	72	0.152
0	95	0.274
0	12	0.988
0	6	0.98
0	75	0.18
0	29	0.597
0	90	0.18
0	14	0.721
0	10	0.952
0	89	0.186
0	13	0.94
0	37	0.692
0	61	0.248
0	31	0.581
0	54	0.171
0	59	0.167
0	49	0.513
0	48	0.298
0	15	0.445
0	55	0.33
0	51	0.189
0	27	0.457
0	7	0.472
0	67	0.184
0	26	0.954
0	101	0.281
0	93	0.352
0	38	0.377
0	52	0.518
0	100	0.248
0	22	0.946
0	104	0.747
0	62	0.194
0	82	0.201
0	105	0.161
0	9	0.954
0	41	0.321
0	35	0.249
0	81	0.37
0	17	0.963
0	65	0.151
0	94	0.942
0	33	0.303
0	96	0.318
0	92	0.646
0	77	0.152
0	34	0.286
0	98	0.16
0	47	0.581
0	28	0.447
0	16	0.9
0	80	0.928
0	50	0.201
0	23	0.937
0	2	0.969
0	43	0.244
0	32	0.953
0	60	0.235
0	4	0.952
77	8	0.602
77	1	0.365
77	24	0.726
77	5	0.287
77	25	0.22
77	83	0.657
77	73	0.685
77	3	0.16
77	20	0.556
77	84	0.216
77	21	0.73
77	6	0.813
77	29	0.357
77	14	0.286
77	10	0.247
77	13	0.468
77	37	0.173
77	31	0.32
77	87	0.188
77	15	0.378
77	55	0.247
77	27	0.268
77	0	0.152
77	26	0.607
77	22	0.232
77	9	0.227
77	17	0.216
77	28	0.291
77	16	0.205
77	80	0.856
77	23	0.502
77	32	0.291
77	4	0.515
103	85	0.656
103	36	0.995
103	19	0.883
103	86	0.311
103	71	0.641
103	69	0.295
103	53	0.763
103	83	0.521
103	70	0.736
103	66	0.957
103	73	0.582
103	40	0.683
103	102	0.583
103	20	0.795
103	72	0.564
103	95	0.573
103	6	0.557
103	45	0.349
103	29	0.759
103	90	0.414
103	89	0.4
103	13	0.543
103	37	0.9
103	61	0.897
103	31	0.724
103	54	0.51
103	42	0.178
103	48	0.57
103	55	0.57
103	51	0.635
103	27	0.286
103	0	0.255
103	79	0.297
103	74	0.25
103	67	0.412
103	26	0.4
103	101	0.64
103	38	0.95
103	52	0.938
103	22	0.474
103	41	0.964
103	35	0.452
103	81	0.491
103	94	0.863
103	33	0.668
103	96	0.92
103	92	0.957
103	16	0.592
103	44	0.407
103	50	0.44
103	23	0.537
103	2	0.537
103	58	0.431
103	43	0.311
103	32	0.424
103	60	0.429
103	4	0.536
103	99	0.293
103	8	0.788
103	76	0.347
103	1	0.269
103	24	0.589
103	5	0.161
103	25	0.409
103	39	0.687
103	78	0.161
103	3	0.481
103	30	0.796
103	84	0.558
103	21	0.551
103	12	0.698
103	75	0.575
103	63	0.473
103	14	0.795
103	10	0.733
103	56	0.309
103	59	0.379
103	49	0.982
103	15	0.414
103	11	0.571
103	7	0.994
103	93	0.537
103	100	0.682
103	104	0.959
103	62	0.47
103	82	0.45
103	9	0.354
103	17	0.563
103	65	0.657
103	34	0.936
103	98	0.989
103	47	0.87
103	28	0.336
103	80	0.313
103	91	0.21
103	18	0.745
103	88	0.186
103	64	0.396
72	85	0.4
72	36	0.566
72	19	0.354
72	86	0.291
72	71	0.243
72	103	0.564
72	53	0.441
72	83	0.265
72	70	0.211
72	66	0.591
72	73	0.729
72	40	0.199
72	102	0.186
72	20	0.511
72	6	0.229
72	29	0.475
72	90	0.446
72	89	0.453
72	13	0.282
72	37	0.45
72	61	0.557
72	31	0.475
72	54	0.662
72	48	0.709
72	55	0.702
72	51	0.186
72	0	0.152
72	79	0.427
72	74	0.228
72	26	0.284
72	101	0.444
72	38	0.557
72	52	0.441
72	22	0.187
72	41	0.652
72	35	0.298
72	81	0.323
72	94	0.559
72	33	0.683
72	96	0.714
72	92	0.548
72	16	0.42
72	50	0.191
72	23	0.39
72	2	0.275
72	32	0.187
72	4	0.311
72	8	0.412
72	76	0.161
72	1	0.198
72	24	0.347
72	25	0.19
72	78	0.309
72	3	0.358
72	30	0.836
72	84	0.252
72	21	0.222
72	12	0.43
72	75	0.227
72	63	0.33
72	14	0.545
72	10	0.349
72	56	0.489
72	49	0.422
72	15	0.159
72	11	0.984
72	7	0.871
72	100	0.189
72	104	0.768
72	62	0.893
72	82	0.684
72	9	0.152
72	17	0.246
72	34	0.706
72	98	0.92
72	47	0.406
72	28	0.163
72	80	0.398
72	91	0.204
72	88	0.224
52	85	0.815
52	36	0.904
52	19	0.703
52	86	0.407
52	71	0.418
52	103	0.938
52	69	0.326
52	53	0.731
52	57	0.278
52	83	0.497
52	70	0.796
52	66	0.975
52	73	0.511
52	40	0.629
52	102	0.62
52	20	0.771
52	72	0.441
52	95	0.559
52	6	0.92
52	45	0.376
52	29	0.685
52	90	0.423
52	89	0.51
52	13	0.398
52	37	0.902
52	61	0.641
52	31	0.769
52	54	0.475
52	48	0.452
52	55	0.706
52	51	0.801
52	27	0.163
52	0	0.518
52	79	0.265
52	74	0.292
52	67	0.324
52	26	0.216
52	101	0.629
52	38	0.816
52	22	0.464
52	41	0.921
52	35	0.299
52	81	0.48
52	68	0.222
52	94	0.887
52	33	0.716
52	96	0.738
52	92	0.946
52	16	0.55
52	44	0.244
52	50	0.37
52	23	0.355
52	2	0.581
52	58	0.541
52	43	0.284
52	32	0.395
52	60	0.423
52	4	0.504
52	99	0.51
52	8	0.902
52	76	0.297
52	1	0.399
52	24	0.561
52	5	0.192
52	25	0.374
52	39	0.756
52	97	0.175
52	78	0.185
52	3	0.613
52	30	0.735
52	84	0.726
52	21	0.456
52	12	0.666
52	75	0.536
52	63	0.474
52	14	0.798
52	10	0.777
52	56	0.248
52	59	0.44
52	49	0.896
52	15	0.313
52	11	0.473
52	7	0.815
52	93	0.446
52	100	0.616
52	104	0.939
52	62	0.282
52	82	0.473
52	9	0.532
52	17	0.628
52	65	0.397
52	34	0.813
52	98	0.806
52	47	0.87
52	28	0.39
52	80	0.351
52	91	0.189
52	18	0.361
52	88	0.187
52	64	0.309
93	41	0.946
93	8	0.306
93	17	0.188
93	49	0.53
93	48	0.161
93	1	0.226
93	70	0.355
93	66	0.608
93	94	0.465
93	96	0.345
93	40	0.21
93	11	0.189
93	92	0.966
93	3	0.348
93	30	0.412
93	34	0.945
93	51	0.179
93	98	0.285
93	20	0.444
93	84	0.18
93	47	0.462
93	0	0.352
93	36	0.479
93	28	0.243
93	16	0.24
93	7	0.495
93	67	0.184
93	12	0.415
93	19	0.208
93	2	0.39
93	45	0.239
93	103	0.537
93	38	0.442
93	52	0.446
93	58	0.996
93	29	0.351
93	100	0.264
93	25	0.174
93	14	0.385
93	10	0.23
93	53	0.222
93	104	0.555
93	39	0.242
93	83	0.151
93	56	0.26
93	37	0.928
93	61	0.26
93	31	0.188
41	85	0.7
41	36	0.957
41	19	0.914
41	86	0.286
41	71	0.676
41	103	0.964
41	69	0.248
41	53	0.972
41	83	0.444
41	70	0.715
41	66	0.992
41	73	0.588
41	40	0.709
41	102	0.641
41	20	0.811
41	72	0.652
41	95	0.449
41	6	0.575
41	45	0.412
41	29	0.946
41	90	0.495
41	89	0.473
41	13	0.556
41	37	0.991
41	61	0.918
41	31	0.747
41	54	0.695
41	42	0.177
41	48	0.648
41	55	0.591
41	51	0.583
41	27	0.593
41	0	0.321
41	79	0.294
41	74	0.29
41	67	0.354
41	26	0.422
41	101	0.881
41	38	0.902
41	52	0.921
41	22	0.723
41	35	0.642
41	81	0.511
41	68	0.218
41	94	0.992
41	33	0.752
41	96	0.86
41	92	0.972
41	16	0.657
41	44	0.569
41	50	0.444
41	23	0.549
41	2	0.607
41	58	0.95
41	43	0.42
41	32	0.707
41	60	0.729
41	4	0.582
41	99	0.269
41	8	0.799
41	76	0.538
41	1	0.331
41	24	0.98
41	5	0.235
41	25	0.669
41	39	0.742
41	78	0.185
41	3	0.575
41	30	0.868
41	84	0.76
41	21	0.56
41	12	0.704
41	75	0.668
41	63	0.736
41	14	0.991
41	10	0.745
41	56	0.296
41	59	0.39
41	49	0.951
41	15	0.784
41	11	0.491
41	7	0.921
41	93	0.946
41	100	0.712
41	104	0.996
41	62	0.441
41	82	0.524
41	9	0.456
41	17	0.63
41	65	0.416
41	34	0.971
41	98	0.84
41	47	0.986
41	28	0.751
41	80	0.445
41	91	0.358
41	18	0.473
41	88	0.19
41	64	0.398
36	85	0.441
36	19	0.67
36	86	0.223
36	71	0.592
36	103	0.995
36	69	0.205
36	53	0.659
36	83	0.404
36	70	0.683
36	66	0.874
36	73	0.476
36	40	0.67
36	102	0.474
36	20	0.826
36	72	0.566
36	95	0.282
36	6	0.519
36	45	0.245
36	29	0.912
36	90	0.398
36	89	0.315
36	13	0.422
36	37	0.732
36	61	0.935
36	31	0.727
36	54	0.374
36	48	0.559
36	55	0.53
36	51	0.441
36	27	0.294
36	0	0.23
36	79	0.185
36	74	0.22
36	67	0.347
36	26	0.354
36	101	0.832
36	38	0.805
36	52	0.904
36	22	0.511
36	41	0.957
36	35	0.63
36	81	0.4
36	94	0.838
36	33	0.602
36	96	0.835
36	92	0.922
36	16	0.672
36	44	0.594
36	50	0.358
36	23	0.653
36	2	0.573
36	58	0.344
36	43	0.412
36	32	0.497
36	60	0.422
36	4	0.511
36	99	0.187
36	8	0.787
36	76	0.388
36	1	0.239
36	24	0.668
36	5	0.189
36	25	0.673
36	39	0.699
36	78	0.185
36	3	0.518
36	30	0.821
36	84	0.56
36	21	0.43
36	12	0.701
36	75	0.519
36	63	0.311
36	14	0.801
36	10	0.723
36	56	0.21
36	59	0.329
36	49	0.899
36	15	0.669
36	11	0.473
36	7	0.989
36	93	0.479
36	100	0.678
36	104	0.893
36	62	0.426
36	82	0.42
36	9	0.243
36	17	0.549
36	65	0.204
36	34	0.932
36	98	0.987
36	47	0.725
36	28	0.426
36	80	0.265
36	91	0.181
36	18	0.267
36	88	0.169
36	64	0.347
74	85	0.906
74	36	0.22
74	86	0.549
74	71	0.161
74	103	0.25
74	53	0.349
74	70	0.258
74	66	0.382
74	73	0.32
74	102	0.211
74	20	0.244
74	72	0.228
74	29	0.206
74	89	0.313
74	13	0.205
74	37	0.448
74	61	0.25
74	54	0.922
74	48	0.282
74	55	0.733
74	27	0.187
74	79	0.931
74	26	0.155
74	38	0.229
74	52	0.292
74	22	0.163
74	41	0.29
74	94	0.296
74	33	0.218
74	96	0.198
74	92	0.349
74	16	0.197
74	60	0.184
74	4	0.173
74	8	0.169
74	1	0.909
74	5	0.176
74	25	0.175
74	78	0.398
74	3	0.226
74	30	0.197
74	84	0.172
74	21	0.193
74	12	0.221
74	63	0.195
74	14	0.267
74	10	0.15
74	56	0.365
74	49	0.222
74	7	0.286
74	100	0.232
74	104	0.429
74	82	0.222
74	17	0.234
74	34	0.268
74	98	0.161
74	47	0.187
74	80	0.907
43	8	0.267
43	24	0.25
43	36	0.412
43	5	0.268
43	19	0.159
43	103	0.311
43	25	0.165
43	69	0.161
43	53	0.267
43	57	0.216
43	66	0.443
43	73	0.157
43	40	0.359
43	3	0.446
43	30	0.396
43	102	0.188
43	20	0.216
43	84	0.207
43	95	0.194
43	12	0.491
43	6	0.211
43	75	0.236
43	29	0.539
43	14	0.354
43	10	0.188
43	37	0.343
43	61	0.313
43	31	0.185
43	59	0.263
43	49	0.26
43	48	0.248
43	15	0.224
43	51	0.153
43	27	0.173
43	0	0.244
43	7	0.313
43	26	0.267
43	101	0.349
43	38	0.267
43	52	0.284
43	100	0.255
43	22	0.293
43	104	0.517
43	41	0.42
43	35	0.251
43	17	0.538
43	94	0.473
43	96	0.222
43	92	0.4
43	34	0.632
43	98	0.184
43	47	0.307
43	28	0.163
43	16	0.298
43	44	0.309
43	50	0.372
43	23	0.218
43	2	0.446
43	91	0.294
43	60	0.327
43	4	0.255
65	8	0.325
65	24	0.247
65	36	0.204
65	19	0.656
65	71	0.767
65	103	0.657
65	69	0.47
65	53	0.364
65	39	0.248
65	70	0.28
65	66	0.633
65	73	0.159
65	102	0.164
65	20	0.312
65	84	0.182
65	21	0.212
65	12	0.239
65	6	0.171
65	75	0.384
65	63	0.398
65	14	0.297
65	10	0.317
65	13	0.236
65	37	0.236
65	61	0.319
65	31	0.284
65	49	0.295
65	51	0.15
65	0	0.151
65	7	0.484
65	67	0.463
65	38	0.651
65	52	0.397
65	104	0.448
65	9	0.235
65	41	0.416
65	17	0.196
65	68	0.275
65	94	0.279
65	33	0.24
65	96	0.42
65	92	0.459
65	34	0.27
65	98	0.188
65	47	0.317
65	16	0.23
65	50	0.188
65	2	0.269
65	18	0.773
65	88	0.151
65	64	0.705
65	4	0.159
18	8	0.267
18	24	0.241
18	36	0.267
18	19	0.832
18	71	0.731
18	103	0.745
18	69	0.414
18	39	0.195
18	70	0.449
18	66	0.594
18	73	0.165
18	40	0.169
18	30	0.238
18	20	0.298
18	21	0.283
18	12	0.245
18	6	0.18
18	75	0.491
18	63	0.327
18	14	0.25
18	10	0.191
18	13	0.25
18	37	0.217
18	61	0.206
18	31	0.226
18	49	0.429
18	7	0.457
18	67	0.355
18	38	0.489
18	52	0.361
18	100	0.256
18	22	0.207
18	104	0.483
18	41	0.473
18	17	0.168
18	65	0.773
18	68	0.242
18	94	0.25
18	33	0.169
18	96	0.4
18	92	0.51
18	34	0.327
18	98	0.155
18	47	0.286
18	50	0.152
18	64	0.683
18	60	0.166
18	4	0.161
82	85	0.398
82	36	0.42
82	19	0.152
82	86	0.251
82	103	0.45
82	69	0.167
82	53	0.466
82	83	0.188
82	70	0.349
82	66	0.608
82	73	0.455
82	40	0.342
82	102	0.242
82	20	0.44
82	72	0.684
82	45	0.212
82	29	0.374
82	90	0.837
82	89	0.347
82	37	0.703
82	61	0.41
82	31	0.33
82	54	0.581
82	48	0.797
82	55	0.786
82	51	0.218
82	0	0.201
82	79	0.24
82	74	0.222
82	67	0.204
82	101	0.183
82	38	0.482
82	52	0.473
82	22	0.165
82	41	0.524
82	35	0.482
82	81	0.349
82	94	0.577
82	33	0.508
82	96	0.498
82	92	0.952
82	16	0.375
82	50	0.187
82	23	0.245
82	2	0.32
82	60	0.177
82	8	0.425
82	76	0.211
82	24	0.209
82	39	0.342
82	78	0.242
82	3	0.328
82	30	0.647
82	84	0.222
82	21	0.163
82	12	0.489
82	63	0.284
82	14	0.7
82	10	0.308
82	56	0.4
82	49	0.426
82	11	0.483
82	7	0.606
82	100	0.229
82	104	0.801
82	62	0.473
82	17	0.308
82	34	0.42
82	98	0.571
82	47	0.396
82	88	0.206
11	85	0.311
11	36	0.473
11	19	0.159
11	86	0.288
11	103	0.571
11	53	0.343
11	66	0.63
11	73	0.552
11	40	0.163
11	102	0.25
11	20	0.286
11	72	0.984
11	95	0.179
11	90	0.398
11	89	0.35
11	37	0.675
11	61	0.398
11	31	0.25
11	54	0.487
11	48	0.59
11	55	0.602
11	51	0.256
11	79	0.325
11	38	0.357
11	52	0.473
11	41	0.491
11	81	0.25
11	94	0.475
11	33	0.508
11	96	0.496
11	92	0.706
11	58	0.22
11	60	0.167
11	99	0.398
11	8	0.241
11	1	0.225
11	39	0.246
11	78	0.186
11	30	0.981
11	84	0.17
11	12	0.209
11	63	0.507
11	14	0.683
11	10	0.165
11	56	0.295
11	49	0.294
11	7	0.791
11	93	0.189
11	100	0.218
11	104	0.833
11	62	0.966
11	82	0.483
11	17	0.222
11	34	0.307
11	98	0.915
11	47	0.329
11	80	0.382
11	88	0.524
88	36	0.169
88	86	0.167
88	103	0.186
88	53	0.256
88	66	0.617
88	73	0.246
88	102	0.237
88	20	0.189
88	72	0.224
88	90	0.16
88	89	0.417
88	37	0.298
88	31	0.171
88	54	0.211
88	48	0.246
88	55	0.282
88	51	0.23
88	101	0.265
88	38	0.164
88	52	0.187
88	41	0.19
88	81	0.267
88	94	0.665
88	33	0.229
88	92	0.293
88	16	0.16
88	2	0.281
88	8	0.241
88	76	0.171
88	5	0.161
88	78	0.2
88	3	0.242
88	30	0.171
88	84	0.579
88	12	0.332
88	63	0.187
88	14	0.605
88	10	0.169
88	56	0.205
88	49	0.163
88	11	0.524
88	7	0.226
88	104	0.719
88	82	0.206
88	9	0.186
88	17	0.604
88	65	0.151
88	34	0.475
88	47	0.167
88	80	0.152
102	85	0.498
102	36	0.474
102	19	0.391
102	86	0.225
102	71	0.189
102	103	0.583
102	69	0.159
102	53	0.988
102	57	0.616
102	70	0.461
102	66	0.787
102	73	0.311
102	40	0.297
102	20	0.59
102	72	0.186
102	95	0.156
102	6	0.389
102	45	0.327
102	29	0.457
102	90	0.369
102	89	0.304
102	13	0.202
102	37	0.957
102	61	0.416
102	31	0.63
102	54	0.377
102	48	0.317
102	55	0.359
102	51	0.47
102	27	0.17
102	0	0.268
102	79	0.23
102	74	0.211
102	67	0.233
102	26	0.164
102	101	0.51
102	38	0.508
102	52	0.62
102	22	0.274
102	41	0.641
102	81	0.347
102	68	0.248
102	94	0.875
102	33	0.419
102	96	0.443
102	92	0.974
102	16	0.5
102	44	0.186
102	50	0.301
102	23	0.197
102	2	0.551
102	58	0.174
102	43	0.188
102	32	0.287
102	60	0.298
102	4	0.307
102	8	0.65
102	76	0.427
102	1	0.322
102	24	0.372
102	5	0.298
102	25	0.296
102	39	0.459
102	3	0.469
102	30	0.579
102	84	0.309
102	21	0.24
102	12	0.619
102	75	0.343
102	63	0.355
102	14	0.68
102	10	0.616
102	59	0.203
102	49	0.639
102	15	0.167
102	11	0.25
102	7	0.576
102	100	0.366
102	104	0.824
102	82	0.242
102	9	0.339
102	17	0.54
102	65	0.164
102	34	0.543
102	98	0.347
102	47	0.697
102	28	0.388
102	80	0.3
102	88	0.237
102	64	0.209
13	85	0.185
13	36	0.422
13	19	0.531
13	71	0.32
13	103	0.543
13	69	0.368
13	53	0.201
13	83	0.648
13	70	0.356
13	66	0.575
13	73	0.983
13	40	0.23
13	102	0.202
13	20	0.972
13	72	0.282
13	6	0.968
13	29	0.309
13	90	0.484
13	89	0.266
13	37	0.373
13	61	0.296
13	31	0.182
13	54	0.26
13	48	0.186
13	55	0.296
13	51	0.185
13	27	0.526
13	0	0.94
13	74	0.205
13	26	0.971
13	101	0.384
13	38	0.46
13	52	0.398
13	22	0.956
13	41	0.556
13	35	0.167
13	81	0.194
13	68	0.195
13	94	0.957
13	33	0.248
13	96	0.57
13	92	0.57
13	77	0.468
13	16	0.151
13	23	0.955
13	2	0.96
13	32	0.966
13	60	0.191
13	4	0.991
13	8	0.974
13	1	0.95
13	24	0.688
13	5	0.595
13	25	0.784
13	39	0.204
13	3	0.95
13	30	0.295
13	84	0.955
13	21	0.959
13	12	0.954
13	75	0.544
13	63	0.4
13	14	0.197
13	10	0.912
13	56	0.169
13	59	0.167
13	49	0.53
13	15	0.576
13	7	0.557
13	100	0.212
13	104	0.567
13	62	0.311
13	9	0.954
13	17	0.917
13	65	0.236
13	34	0.441
13	98	0.267
13	47	0.421
13	28	0.645
13	80	0.954
13	91	0.154
13	18	0.25
13	64	0.251
23	8	0.955
23	1	0.932
23	24	0.588
23	85	0.185
23	36	0.653
23	5	0.429
23	19	0.198
23	86	0.219
23	71	0.282
23	103	0.537
23	25	0.548
23	69	0.161
23	53	0.246
23	83	0.477
23	70	0.297
23	66	0.491
23	73	0.951
23	40	0.497
23	3	0.942
23	30	0.448
23	102	0.197
23	20	0.977
23	84	0.937
23	21	0.953
23	72	0.39
23	12	0.953
23	6	0.945
23	75	0.169
23	29	0.678
23	63	0.187
23	14	0.54
23	10	0.945
23	89	0.171
23	13	0.955
23	37	0.33
23	61	0.585
23	31	0.51
23	54	0.297
23	59	0.158
23	49	0.669
23	48	0.165
23	15	0.535
23	55	0.242
23	27	0.513
23	0	0.937
23	79	0.171
23	7	0.532
23	67	0.272
23	26	0.976
23	101	0.671
23	38	0.556
23	52	0.355
23	100	0.418
23	22	0.95
23	104	0.511
23	62	0.386
23	82	0.245
23	9	0.951
23	41	0.549
23	35	0.349
23	81	0.307
23	17	0.961
23	68	0.161
23	94	0.95
23	33	0.398
23	96	0.591
23	92	0.513
23	77	0.502
23	34	0.669
23	98	0.45
23	47	0.541
23	28	0.473
23	16	0.582
23	44	0.309
23	80	0.931
23	50	0.185
23	2	0.939
23	64	0.293
23	43	0.218
23	32	0.952
23	60	0.171
23	4	0.949
53	85	0.586
53	36	0.659
53	19	0.398
53	86	0.505
53	71	0.221
53	103	0.763
53	69	0.213
53	57	0.46
53	83	0.254
53	70	0.748
53	66	0.944
53	73	0.386
53	40	0.211
53	102	0.988
53	20	0.676
53	72	0.441
53	95	0.674
53	6	0.483
53	29	0.56
53	90	0.447
53	89	0.308
53	13	0.201
53	37	0.997
53	61	0.517
53	31	0.705
53	54	0.372
53	48	0.541
53	55	0.541
53	51	0.579
53	27	0.333
53	0	0.485
53	79	0.309
53	74	0.349
53	67	0.286
53	26	0.231
53	101	0.459
53	38	0.569
53	52	0.731
53	22	0.401
53	41	0.972
53	35	0.169
53	81	0.284
53	68	0.187
53	94	0.895
53	33	0.606
53	96	0.582
53	92	0.973
53	16	0.601
53	50	0.396
53	23	0.246
53	2	0.681
53	43	0.267
53	32	0.398
53	60	0.305
53	4	0.329
53	8	0.67
53	76	0.193
53	1	0.253
53	24	0.421
53	5	0.226
53	25	0.36
53	39	0.323
53	78	0.33
53	3	0.582
53	30	0.733
53	84	0.4
53	21	0.286
53	12	0.744
53	75	0.235
53	63	0.422
53	14	0.7
53	10	0.719
53	56	0.374
53	59	0.167
53	49	0.743
53	15	0.292
53	11	0.343
53	7	0.868
53	93	0.222
53	100	0.311
53	104	0.946
53	62	0.256
53	82	0.466
53	9	0.299
53	17	0.721
53	65	0.364
53	34	0.961
53	98	0.674
53	47	0.966
53	28	0.309
53	80	0.212
53	91	0.177
53	88	0.256
53	64	0.229
37	85	0.736
37	36	0.732
37	19	0.568
37	86	0.455
37	71	0.228
37	103	0.9
37	69	0.238
37	53	0.997
37	57	0.238
37	83	0.316
37	70	0.853
37	66	0.989
37	73	0.536
37	40	0.473
37	102	0.957
37	20	0.88
37	72	0.45
37	95	0.655
37	6	0.57
37	45	0.337
37	29	0.7
37	90	0.795
37	89	0.714
37	13	0.373
37	61	0.581
37	31	0.945
37	54	0.518
37	48	0.571
37	55	0.815
37	51	0.691
37	27	0.324
37	0	0.692
37	79	0.398
37	74	0.448
37	67	0.359
37	26	0.249
37	101	0.81
37	38	0.799
37	52	0.902
37	22	0.421
37	105	0.187
37	41	0.991
37	35	0.296
37	81	0.533
37	68	0.233
37	94	0.992
37	33	0.796
37	96	0.67
37	92	0.996
37	77	0.173
37	16	0.643
37	44	0.25
37	50	0.406
37	23	0.33
37	2	0.906
37	58	0.939
37	43	0.343
37	32	0.776
37	60	0.414
37	4	0.494
37	99	0.208
37	8	0.876
37	76	0.533
37	1	0.576
37	24	0.508
37	5	0.284
37	25	0.454
37	39	0.695
37	78	0.315
37	3	0.865
37	30	0.859
37	84	0.577
37	21	0.424
37	12	0.953
37	75	0.385
37	63	0.821
37	14	0.95
37	10	0.936
37	56	0.356
37	59	0.266
37	49	0.911
37	15	0.297
37	11	0.675
37	7	0.891
37	93	0.928
37	100	0.542
37	104	0.984
37	62	0.295
37	82	0.703
37	9	0.396
37	17	0.913
37	65	0.236
37	34	0.972
37	98	0.669
37	47	0.992
37	28	0.446
37	80	0.428
37	91	0.536
37	18	0.217
37	88	0.298
37	64	0.282
96	85	0.294
96	36	0.835
96	19	0.663
96	86	0.212
96	71	0.51
96	103	0.92
96	69	0.225
96	53	0.582
96	83	0.324
96	70	0.54
96	66	0.752
96	73	0.62
96	40	0.56
96	102	0.443
96	20	0.754
96	72	0.714
96	95	0.181
96	6	0.434
96	45	0.159
96	29	0.764
96	90	0.446
96	89	0.297
96	13	0.57
96	37	0.67
96	61	0.85
96	31	0.694
96	54	0.941
96	42	0.152
96	48	0.649
96	55	0.551
96	51	0.313
96	27	0.3
96	0	0.318
96	79	0.238
96	74	0.198
96	67	0.3
96	26	0.444
96	101	0.591
96	38	0.922
96	52	0.738
96	22	0.354
96	41	0.86
96	35	0.428
96	81	0.309
96	68	0.183
96	94	0.764
96	33	0.609
96	92	0.809
96	16	0.602
96	44	0.311
96	50	0.331
96	23	0.591
96	2	0.47
96	43	0.222
96	32	0.366
96	60	0.41
96	4	0.58
96	8	0.745
96	76	0.266
96	1	0.393
96	24	0.549
96	5	0.186
96	25	0.423
96	39	0.567
96	3	0.499
96	30	0.804
96	84	0.54
96	21	0.603
96	12	0.63
96	75	0.563
96	63	0.559
96	14	0.725
96	10	0.72
96	56	0.242
96	59	0.236
96	49	0.873
96	15	0.398
96	11	0.496
96	7	0.895
96	93	0.345
96	100	0.484
96	104	0.882
96	62	0.555
96	82	0.498
96	9	0.212
96	17	0.493
96	65	0.42
96	34	0.81
96	98	0.79
96	47	0.672
96	28	0.414
96	80	0.239
96	91	0.244
96	18	0.4
96	64	0.286
87	24	0.386
87	69	0.439
87	57	0.165
87	84	0.386
87	45	0.317
87	29	0.185
87	27	0.165
87	105	0.167
87	9	0.163
87	77	0.188
39	8	0.542
39	76	0.35
39	24	0.232
39	85	0.304
39	36	0.699
39	19	0.592
39	71	0.158
39	103	0.687
39	25	0.175
39	53	0.323
39	83	0.175
39	70	0.457
39	66	0.75
39	73	0.254
39	40	0.392
39	3	0.324
39	30	0.293
39	102	0.459
39	20	0.612
39	84	0.391
39	95	0.532
39	12	0.174
39	6	0.224
39	75	0.368
39	29	0.42
39	63	0.539
39	90	0.358
39	14	0.587
39	10	0.333
39	89	0.232
39	13	0.204
39	37	0.695
39	61	0.681
39	31	0.385
39	54	0.359
39	49	0.835
39	11	0.246
39	55	0.42
39	0	0.307
39	7	0.562
39	26	0.204
39	101	0.455
39	93	0.242
39	38	0.623
39	52	0.756
39	100	0.559
39	104	0.865
39	62	0.226
39	82	0.342
39	41	0.742
39	35	0.214
39	17	0.359
39	65	0.248
39	94	0.667
39	33	0.407
39	96	0.567
39	92	0.788
39	34	0.732
39	98	0.294
39	47	0.686
39	16	0.551
39	44	0.275
39	2	0.155
39	58	0.325
39	18	0.195
39	60	0.194
39	4	0.513
55	85	0.765
55	36	0.53
55	19	0.347
55	70	0.296
55	66	0.692
55	102	0.359
55	20	0.6
55	72	0.702
55	90	0.74
55	89	0.768
55	13	0.296
55	37	0.815
55	61	0.53
55	31	0.702
55	54	0.904
55	51	0.25
55	79	0.684
55	52	0.706
55	81	0.384
55	68	0.227
55	33	0.527
55	96	0.551
55	92	0.659
55	77	0.247
55	16	0.477
55	44	0.426
55	23	0.242
55	2	0.403
55	32	0.167
55	4	0.525
55	8	0.582
55	1	0.36
55	30	0.673
55	21	0.163
55	12	0.616
55	75	0.213
55	14	0.67
55	10	0.473
55	56	0.981
55	17	0.258
55	98	0.558
55	47	0.445
55	28	0.19
55	86	0.647
55	103	0.57
55	53	0.541
55	73	0.85
55	95	0.317
55	6	0.347
55	29	0.589
55	48	0.495
55	0	0.33
55	74	0.733
55	101	0.29
55	38	0.543
55	22	0.211
55	41	0.591
55	94	0.745
55	50	0.165
55	76	0.242
55	24	0.398
55	5	0.267
55	25	0.185
55	39	0.42
55	78	0.671
55	3	0.522
55	84	0.5
55	63	0.698
55	49	0.557
55	15	0.185
55	11	0.602
55	7	0.675
55	100	0.165
55	104	0.857
55	62	0.445
55	82	0.786
55	9	0.225
55	34	0.56
55	80	0.823
55	91	0.159
55	88	0.282
48	8	0.446
48	76	0.167
48	24	0.309
48	85	0.347
48	36	0.559
48	5	0.193
48	19	0.33
48	86	0.214
48	103	0.57
48	25	0.337
48	69	0.169
48	53	0.541
48	83	0.303
48	78	0.24
48	70	0.171
48	66	0.777
48	73	0.491
48	40	0.445
48	3	0.45
48	30	0.7
48	102	0.317
48	20	0.535
48	84	0.311
48	21	0.256
48	72	0.709
48	95	0.317
48	12	0.502
48	6	0.297
48	45	0.42
48	75	0.29
48	29	0.452
48	63	0.669
48	90	0.807
48	14	0.528
48	10	0.335
48	89	0.448
48	56	0.311
48	13	0.186
48	37	0.571
48	61	0.571
48	31	0.422
48	54	0.461
48	59	0.282
48	49	0.63
48	15	0.171
48	11	0.59
48	55	0.495
48	51	0.242
48	27	0.244
48	0	0.298
48	79	0.246
48	7	0.672
48	74	0.282
48	101	0.416
48	93	0.161
48	38	0.593
48	52	0.452
48	100	0.619
48	22	0.269
48	104	0.887
48	62	0.731
48	82	0.797
48	41	0.648
48	35	0.578
48	81	0.25
48	17	0.376
48	68	0.217
48	94	0.674
48	33	0.57
48	96	0.649
48	92	0.671
48	34	0.588
48	98	0.733
48	47	0.543
48	28	0.25
48	16	0.426
48	44	0.154
48	80	0.33
48	50	0.442
48	23	0.165
48	2	0.41
48	91	0.292
48	88	0.246
48	43	0.248
48	32	0.222
48	60	0.497
48	4	0.266
105	5	0.156
105	66	0.167
105	40	0.247
105	3	0.161
105	21	0.169
105	37	0.187
105	54	0.185
105	87	0.167
105	0	0.161
105	104	0.163
105	81	0.224
105	94	0.208
105	32	0.151
61	8	0.709
61	76	0.228
61	24	0.552
61	85	0.244
61	36	0.935
61	5	0.159
61	19	0.693
61	86	0.226
61	71	0.51
61	103	0.897
61	25	0.44
61	69	0.236
61	53	0.517
61	57	0.154
61	39	0.681
61	83	0.323
61	70	0.465
61	66	0.714
61	73	0.39
61	40	0.687
61	3	0.441
61	30	0.782
61	102	0.416
61	20	0.773
61	84	0.52
61	21	0.313
61	72	0.557
61	95	0.186
61	12	0.642
61	6	0.398
61	45	0.165
61	75	0.27
61	29	0.891
61	63	0.28
61	90	0.309
61	14	0.708
61	10	0.693
61	89	0.189
61	56	0.171
61	13	0.296
61	37	0.581
61	31	0.689
61	54	0.25
61	59	0.327
61	49	0.91
61	48	0.571
61	15	0.377
61	11	0.398
61	55	0.53
61	51	0.28
61	27	0.227
61	0	0.248
61	79	0.237
61	7	0.8
61	74	0.25
61	67	0.355
61	26	0.334
61	101	0.709
61	93	0.26
61	38	0.855
61	52	0.641
61	100	0.672
61	22	0.42
61	104	0.767
61	62	0.416
61	82	0.41
61	9	0.224
61	41	0.918
61	35	0.588
61	81	0.286
61	17	0.591
61	65	0.319
61	94	0.705
61	33	0.557
61	96	0.85
61	92	0.817
61	34	0.894
61	98	0.797
61	47	0.646
61	28	0.309
61	16	0.592
61	44	0.473
61	80	0.223
61	50	0.432
61	23	0.585
61	2	0.457
61	91	0.163
61	18	0.206
61	64	0.323
61	43	0.313
61	32	0.341
61	60	0.484
61	4	0.325
57	8	0.162
57	5	0.189
57	71	0.174
57	25	0.167
57	69	0.174
57	53	0.46
57	66	0.185
57	102	0.616
57	20	0.169
57	95	0.178
57	12	0.158
57	75	0.163
57	63	0.251
57	37	0.238
57	61	0.154
57	59	0.426
57	49	0.157
57	87	0.165
57	51	0.187
57	0	0.242
57	7	0.153
57	67	0.181
57	38	0.193
57	52	0.278
57	104	0.295
57	17	0.187
57	68	0.297
57	92	0.248
57	47	0.267
57	50	0.328
57	2	0.179
57	64	0.178
57	43	0.216
57	60	0.419
57	4	0.165
57	99	0.354
47	85	0.433
47	36	0.725
47	19	0.625
47	86	0.166
47	71	0.637
47	103	0.87
47	69	0.225
47	53	0.966
47	57	0.267
47	83	0.404
47	70	0.429
47	66	0.903
47	73	0.51
47	40	0.726
47	102	0.697
47	20	0.717
47	72	0.406
47	95	0.6
47	6	0.529
47	45	0.252
47	29	0.636
47	90	0.311
47	89	0.676
47	13	0.421
47	37	0.992
47	61	0.646
47	31	0.694
47	54	0.398
47	42	0.171
47	48	0.543
47	55	0.445
47	51	0.53
47	27	0.287
47	0	0.581
47	79	0.221
47	74	0.187
47	67	0.47
47	26	0.267
47	101	0.871
47	38	0.9
47	52	0.87
47	22	0.331
47	41	0.986
47	35	0.422
47	81	0.537
47	68	0.282
47	94	0.84
47	33	0.569
47	96	0.672
47	92	0.991
47	16	0.58
47	44	0.297
47	50	0.347
47	23	0.541
47	2	0.676
47	58	0.364
47	43	0.307
47	32	0.356
47	60	0.42
47	4	0.451
47	99	0.325
47	8	0.719
47	76	0.474
47	1	0.346
47	24	0.491
47	5	0.211
47	25	0.371
47	39	0.686
47	78	0.163
47	3	0.645
47	30	0.639
47	84	0.548
47	21	0.449
47	12	0.758
47	75	0.482
47	63	0.473
47	14	0.749
47	10	0.66
47	56	0.229
47	59	0.373
47	49	0.808
47	15	0.292
47	11	0.329
47	7	0.747
47	93	0.462
47	100	0.538
47	104	0.872
47	62	0.275
47	82	0.396
47	9	0.647
47	17	0.561
47	65	0.317
47	34	0.974
47	98	0.556
47	28	0.384
47	80	0.335
47	91	0.226
47	18	0.286
47	88	0.167
47	64	0.227
71	8	0.332
71	24	0.485
71	36	0.592
71	19	0.706
71	103	0.641
71	25	0.29
71	69	0.367
71	53	0.221
71	57	0.174
71	39	0.158
71	83	0.171
71	70	0.313
71	66	0.615
71	73	0.237
71	40	0.267
71	30	0.195
71	102	0.189
71	20	0.403
71	84	0.15
71	21	0.347
71	72	0.243
71	12	0.212
71	6	0.223
71	75	0.476
71	29	0.297
71	63	0.43
71	14	0.317
71	10	0.258
71	13	0.32
71	37	0.228
71	61	0.51
71	31	0.301
71	59	0.163
71	49	0.547
71	15	0.161
71	51	0.176
71	7	0.556
71	74	0.161
71	67	0.696
71	26	0.16
71	101	0.733
71	38	0.49
71	52	0.418
71	100	0.248
71	22	0.184
71	104	0.554
71	41	0.676
71	35	0.187
71	17	0.311
71	65	0.767
71	68	0.27
71	94	0.398
71	33	0.25
71	96	0.51
71	92	0.925
71	34	0.64
71	98	0.325
71	47	0.637
71	16	0.161
71	44	0.297
71	23	0.282
71	2	0.171
71	18	0.731
71	64	0.708
71	60	0.214
71	4	0.325
4	8	0.972
4	1	0.941
4	24	0.64
4	85	0.186
4	36	0.511
4	5	0.568
4	19	0.576
4	71	0.325
4	103	0.536
4	25	0.651
4	69	0.267
4	53	0.329
4	57	0.165
4	39	0.513
4	83	0.577
4	70	0.513
4	66	0.763
4	73	0.976
4	40	0.653
4	3	0.964
4	30	0.477
4	102	0.307
4	20	0.967
4	84	0.951
4	21	0.993
4	72	0.311
4	12	0.965
4	6	0.97
4	75	0.716
4	29	0.629
4	63	0.72
4	90	0.231
4	14	0.89
4	10	0.965
4	89	0.345
4	13	0.991
4	37	0.494
4	61	0.325
4	31	0.69
4	54	0.15
4	49	0.815
4	48	0.266
4	15	0.473
4	55	0.525
4	51	0.307
4	27	0.557
4	0	0.952
4	7	0.518
4	74	0.173
4	26	0.965
4	101	0.342
4	38	0.473
4	52	0.504
4	100	0.381
4	22	0.961
4	104	0.633
4	62	0.366
4	9	0.957
4	41	0.582
4	35	0.171
4	81	0.188
4	17	0.966
4	65	0.159
4	68	0.214
4	94	0.912
4	33	0.451
4	96	0.58
4	92	0.637
4	77	0.515
4	34	0.535
4	98	0.355
4	47	0.451
4	28	0.644
4	16	0.604
4	44	0.15
4	80	0.946
4	50	0.172
4	23	0.949
4	2	0.957
4	18	0.161
4	64	0.332
4	43	0.255
4	32	0.954
4	60	0.171
9	8	0.965
9	76	0.194
9	1	0.944
9	24	0.509
9	85	0.186
9	36	0.243
9	5	0.53
9	19	0.279
9	103	0.354
9	25	0.548
9	69	0.167
9	53	0.299
9	83	0.479
9	78	0.155
9	70	0.214
9	66	0.571
9	73	0.962
9	3	0.955
9	30	0.307
9	102	0.339
9	20	0.963
9	84	0.962
9	21	0.956
9	72	0.152
9	12	0.959
9	6	0.957
9	75	0.188
9	29	0.452
9	63	0.499
9	14	0.598
9	10	0.953
9	89	0.322
9	56	0.159
9	13	0.954
9	37	0.396
9	61	0.224
9	31	0.591
9	54	0.267
9	59	0.236
9	49	0.398
9	87	0.163
9	15	0.444
9	55	0.225
9	27	0.484
9	0	0.954
9	7	0.432
9	67	0.17
9	26	0.957
9	101	0.243
9	38	0.369
9	52	0.532
9	100	0.265
9	22	0.949
9	104	0.69
9	41	0.456
9	35	0.171
9	81	0.25
9	17	0.958
9	65	0.235
9	68	0.191
9	94	0.956
9	33	0.567
9	96	0.212
9	92	0.544
9	77	0.227
9	34	0.387
9	98	0.179
9	47	0.647
9	28	0.502
9	16	0.563
9	80	0.952
9	23	0.951
9	2	0.954
9	91	0.167
9	88	0.186
9	32	0.949
9	4	0.957
86	8	0.225
86	24	0.211
86	85	0.513
86	36	0.223
86	19	0.207
86	103	0.311
86	53	0.505
86	78	0.884
86	70	0.225
86	66	0.44
86	73	0.224
86	30	0.297
86	102	0.225
86	20	0.165
86	84	0.256
86	72	0.291
86	12	0.328
86	29	0.267
86	63	0.172
86	14	0.29
86	10	0.214
86	56	0.44
86	37	0.455
86	61	0.226
86	31	0.215
86	54	0.58
86	49	0.244
86	48	0.214
86	11	0.288
86	55	0.647
86	79	0.879
86	7	0.356
86	74	0.549
86	38	0.256
86	52	0.407
86	100	0.187
86	104	0.671
86	82	0.251
86	41	0.286
86	17	0.21
86	68	0.152
86	94	0.488
86	33	0.197
86	96	0.212
86	92	0.311
86	34	0.269
86	98	0.25
86	47	0.166
86	16	0.266
86	23	0.219
