16	67	0.16699999999999998
16	82	0.306
16	8	0.171
16	77	0.16899999999999998
16	79	0.194
16	3	0.25
16	78	0.161
16	29	0.765
16	4	0.305
16	72	0.304
16	5	0.307
16	1	0.21
16	15	0.408
16	19	0.215
16	43	0.231
16	74	0.407
16	2	0.277
16	54	0.321
16	50	0.188
16	21	0.275
16	41	0.215
16	31	0.48
16	22	0.247
16	0	0.236
16	24	0.185
16	7	0.333
16	55	0.229
16	76	0.165
16	66	0.483
16	6	0.28600000000000003
16	57	0.258
16	39	0.185
16	62	0.205
16	11	0.277
16	32	0.2
16	36	0.738
16	81	0.277
16	73	0.206
16	25	0.154
16	18	0.304
16	33	0.161
16	14	0.215
16	23	0.408
66	67	0.277
66	82	0.551
66	46	0.25
66	77	0.151
66	8	0.597
66	63	0.224
66	40	0.172
66	29	0.37
66	3	0.34700000000000003
66	4	0.407
66	72	0.483
66	20	0.648
66	45	0.188
66	5	0.462
66	28	0.307
66	56	0.16899999999999998
66	49	0.21
66	16	0.483
66	1	0.361
66	15	0.664
66	58	0.183
66	43	0.6409999999999999
66	19	0.327
66	2	0.385
66	54	0.725
66	70	0.24
66	74	0.531
66	50	0.192
66	41	0.34
66	21	0.424
66	9	0.472
66	22	0.277
66	26	0.358
66	52	0.304
66	68	0.177
66	0	0.217
66	31	0.31
66	12	0.289
66	24	0.287
66	44	0.239
66	17	0.468
66	7	0.5529999999999999
66	55	0.162
66	76	0.215
66	59	0.483
66	42	0.392
66	6	0.403
66	57	0.708
66	39	0.327
66	27	0.5329999999999999
66	62	0.276
66	32	0.6629999999999999
66	11	0.447
66	36	0.726
66	73	0.159
66	81	0.369
66	64	0.16899999999999998
66	61	0.33
66	14	0.408
66	25	0.472
66	33	0.324
66	23	0.703
66	18	0.439
51	14	0.339
51	33	0.34700000000000003
51	67	0.337
51	77	0.8220000000000001
51	82	0.705
51	46	0.355
51	40	0.716
51	3	0.375
51	20	0.278
51	72	0.342
51	29	0.28
51	4	0.279
51	45	0.277
51	25	0.16899999999999998
51	43	0.305
51	5	0.187
51	56	0.8290000000000001
51	49	0.188
51	15	0.258
51	19	0.38
51	11	0.185
51	2	0.206
51	54	0.365
51	28	0.449
51	70	0.252
51	74	0.345
51	50	0.374
51	71	0.441
51	41	0.199
51	22	0.396
51	9	0.277
51	26	0.977
51	0	0.343
51	31	0.441
51	12	0.355
51	32	0.248
51	76	0.505
51	44	0.21
51	17	0.171
51	7	0.151
51	47	0.237
51	42	0.15
51	57	0.501
51	6	0.7340000000000001
51	10	0.964
51	27	0.25
51	62	0.722
51	61	0.215
51	81	0.489
51	36	0.44
51	64	0.491
63	39	0.442
63	21	0.15
63	41	0.625
63	26	0.304
63	31	0.364
63	44	0.305
63	76	0.187
63	57	0.341
63	59	0.304
63	71	0.16899999999999998
63	10	0.21
63	67	0.345
63	77	0.181
63	40	0.211
63	3	0.159
63	72	0.574
63	29	0.4
63	4	0.198
63	20	0.447
63	1	0.241
63	56	0.229
63	80	0.206
63	2	0.205
63	50	0.504
63	9	0.304
63	0	0.19
63	55	0.177
63	17	0.228
63	7	0.3720000000000001
63	47	0.204
63	42	0.183
63	66	0.224
63	6	0.4
63	73	0.177
63	11	0.363
63	64	0.244
63	81	0.44
63	46	0.344
63	33	0.304
63	18	0.205
63	82	0.63
63	8	0.157
63	45	0.277
63	5	0.277
63	49	0.15
63	15	0.575
63	74	0.578
63	58	0.16399999999999998
63	43	0.43
63	19	0.305
63	70	0.28300000000000003
63	54	0.544
63	28	0.338
63	27	0.373
63	62	0.189
63	32	0.481
63	36	0.442
63	25	0.342
63	23	0.205
71	13	0.253
71	67	0.382
71	51	0.441
71	82	0.926
71	46	0.711
71	35	0.189
71	77	0.728
71	19	0.275
71	40	0.823
71	63	0.16899999999999998
71	3	0.16899999999999998
71	20	0.338
71	65	0.38
71	72	0.482
71	29	0.407
71	45	0.693
71	79	0.473
71	5	0.215
71	48	0.215
71	56	0.444
71	49	0.205
71	1	0.243
71	15	0.695
71	58	0.181
71	43	0.384
71	38	0.188
71	80	0.22
71	74	0.524
71	54	0.508
71	2	0.274
71	70	0.561
71	28	0.408
71	50	0.345
71	41	0.373
71	9	0.409
71	26	0.575
71	31	0.44
71	24	0.4920000000000001
71	55	0.159
71	17	0.225
71	44	0.415
71	7	0.28
71	47	0.274
71	76	0.66
71	42	0.188
71	57	0.303
71	6	0.718
71	39	0.277
71	36	0.505
71	10	0.455
71	27	0.393
71	30	0.443
71	32	0.53
71	11	0.3670000000000001
71	73	0.212
71	81	0.675
71	64	0.823
71	61	0.165
71	14	0.542
71	25	0.6729999999999999
71	23	0.204
71	33	0.364
71	18	0.205
23	67	0.364
23	28	0.392
23	54	0.51
23	44	0.312
23	77	0.304
23	50	0.379
23	70	0.181
23	74	0.628
23	71	0.204
23	82	0.574
23	21	0.4970000000000001
23	46	0.19
23	8	0.38
23	22	0.441
23	41	0.495
23	35	0.151
23	78	0.205
23	26	0.319
23	40	0.212
23	63	0.205
23	4	0.63
23	3	0.505
23	31	0.628
23	29	0.659
23	0	0.487
23	20	0.15
23	72	0.659
23	24	0.579
23	55	0.161
23	79	0.321
23	45	0.165
23	17	0.15
23	7	0.7140000000000001
23	48	0.215
23	53	0.17
23	5	0.659
23	76	0.41
23	42	0.199
23	16	0.408
23	49	0.211
23	1	0.441
23	56	0.277
23	66	0.703
23	57	0.63
23	6	0.573
23	39	0.4
23	15	0.6679999999999999
23	58	0.194
23	11	0.525
23	43	0.47
23	62	0.34700000000000003
23	30	0.15
23	13	0.504
23	19	0.443
23	32	0.408
23	36	0.8170000000000001
23	81	0.531
23	37	0.16899999999999998
23	73	0.255
23	25	0.7090000000000001
23	33	0.414
23	18	0.63
23	80	0.161
23	14	0.5770000000000001
23	2	0.52
59	67	0.25
59	82	0.838
59	46	0.16699999999999998
59	63	0.304
59	29	0.366
59	72	0.48
59	20	0.25
59	45	0.189
59	79	0.161
59	15	0.754
59	74	0.449
59	43	0.248
59	19	0.197
59	70	0.5429999999999999
59	80	0.153
59	54	0.7979999999999999
59	41	0.273
59	47	0.18600000000000005
59	9	0.151
59	26	0.151
59	31	0.24
59	24	0.185
59	44	0.151
59	17	0.17600000000000002
59	7	0.207
59	27	0.191
59	39	0.343
59	57	0.515
59	66	0.483
59	6	0.197
59	30	0.483
59	11	0.165
59	32	0.368
59	36	0.365
59	81	0.238
59	33	0.161
59	25	0.221
67	43	0.973
67	30	0.151
67	81	0.847
67	33	0.499
67	46	0.903
67	82	0.918
67	35	0.408
67	8	0.17
67	5	0.38
67	58	0.277
67	54	0.894
67	28	0.698
67	70	0.774
67	71	0.382
67	21	0.188
67	41	0.97
67	44	0.792
67	31	0.655
67	62	0.931
67	77	0.491
67	40	0.502
67	4	0.341
67	53	0.192
67	16	0.16699999999999998
67	12	0.277
67	60	0.589
67	9	0.442
67	0	0.925
67	68	0.539
67	17	0.341
67	55	0.412
67	66	0.277
67	11	0.682
67	64	0.48
67	73	0.278
67	18	0.63
67	14	0.277
67	51	0.337
67	78	0.443
67	45	0.981
67	79	0.304
67	48	0.275
67	49	0.412
67	15	0.8220000000000001
67	19	0.715
67	38	0.188
67	74	0.7170000000000001
67	22	0.161
67	52	0.189
67	26	0.505
67	76	0.491
67	34	0.244
67	27	0.6679999999999999
67	59	0.25
67	57	0.532
67	39	0.542
67	10	0.48
67	36	0.821
67	32	0.8909999999999999
67	61	0.971
67	23	0.364
67	69	0.182
67	63	0.345
67	20	0.589
67	3	0.271
67	72	0.908
67	29	0.823
67	1	0.305
67	56	0.53
67	13	0.277
67	37	0.205
67	80	0.3670000000000001
67	2	0.339
67	50	0.67
67	24	0.242
67	7	0.489
67	47	0.594
67	42	0.6579999999999999
67	6	0.8140000000000001
67	25	0.442
45	60	0.41
45	9	0.294
45	68	0.3670000000000001
45	0	0.913
45	17	0.21
45	23	0.165
45	36	0.664
45	32	0.481
45	61	0.938
45	67	0.981
45	42	0.515
45	80	0.159
45	2	0.272
45	47	0.633
45	7	0.341
45	6	0.483
45	81	0.44
45	33	0.28300000000000003
45	82	0.828
45	46	0.83
45	8	0.173
45	5	0.304
45	43	0.642
45	58	0.16899999999999998
45	54	0.777
45	28	0.38
45	70	0.71
45	71	0.693
45	41	0.29
45	31	0.277
45	44	0.364
45	62	0.929
45	25	0.264
45	27	0.304
45	66	0.188
45	11	0.614
45	64	0.442
45	14	0.19
45	73	0.219
45	18	0.181
45	51	0.277
45	49	0.191
45	15	0.536
45	19	0.312
45	74	0.7829999999999999
45	10	0.442
45	26	0.508
45	76	0.927
45	57	0.629
45	59	0.189
45	39	0.319
45	4	0.2
45	40	0.377
45	77	0.345
45	69	0.155
45	63	0.277
45	29	0.336
45	72	0.509
45	20	0.6779999999999999
45	1	0.519
45	56	0.535
45	13	0.182
24	54	0.407
24	41	0.424
24	67	0.242
24	28	0.277
24	71	0.4920000000000001
24	74	0.491
24	50	0.373
24	46	0.159
24	82	0.43
24	21	0.398
24	8	0.28800000000000003
24	22	0.277
24	26	0.268
24	77	0.304
24	3	0.408
24	40	0.198
24	20	0.152
24	0	0.306
24	31	0.63
24	29	0.6579999999999999
24	72	0.442
24	4	0.441
24	79	0.407
24	44	0.242
24	73	0.205
24	48	0.162
24	7	0.504
24	5	0.503
24	55	0.23
24	76	0.24
24	59	0.185
24	16	0.185
24	1	0.38
24	56	0.215
24	66	0.287
24	6	0.447
24	57	0.388
24	39	0.304
24	32	0.327
24	43	0.305
24	30	0.162
24	62	0.313
24	19	0.159
24	36	0.6509999999999999
24	11	0.442
24	81	0.305
24	18	0.442
24	37	0.237
24	14	0.306
24	33	0.277
24	23	0.579
24	2	0.443
27	32	0.924
27	62	0.484
27	11	0.768
27	36	0.731
27	64	0.256
27	81	0.708
27	61	0.16699999999999998
27	73	0.946
27	25	0.173
27	18	0.6709999999999999
27	33	0.632
27	14	0.153
27	67	0.6679999999999999
27	51	0.25
27	35	0.22
27	82	0.8220000000000001
27	46	0.6
27	3	0.545
27	8	0.458
27	77	0.448
27	78	0.303
27	40	0.345
27	63	0.373
27	72	0.8029999999999999
27	29	0.8290000000000001
27	4	0.662
27	20	0.179
27	79	0.29
27	45	0.304
27	48	0.926
27	5	0.763
27	53	0.257
27	1	0.779
27	49	0.47
27	56	0.409
27	15	0.252
27	58	0.304
27	43	0.682
27	19	0.513
27	13	0.28300000000000003
27	37	0.181
27	2	0.654
27	80	0.386
27	54	0.845
27	28	0.515
27	74	0.8490000000000001
27	70	0.322
27	71	0.393
27	50	0.505
27	41	0.7070000000000001
27	9	0.94
27	22	0.33
27	26	0.643
27	68	0.151
27	31	0.669
27	0	0.407
27	12	0.252
27	44	0.669
27	17	0.187
27	47	0.173
27	7	0.85
27	55	0.344
27	76	0.504
27	34	0.24
27	42	0.453
27	66	0.5329999999999999
27	6	0.73
27	59	0.191
27	57	0.7090000000000001
27	39	0.636
27	10	0.227
26	49	0.502
26	67	0.505
26	77	0.91
26	56	0.8759999999999999
26	29	0.7
26	40	0.7070000000000001
26	63	0.304
26	3	0.307
26	20	0.703
26	4	0.34700000000000003
26	72	0.87
26	1	0.575
26	66	0.358
26	6	0.965
26	30	0.285
26	11	0.63
26	81	0.82
26	64	0.63
26	19	0.629
26	73	0.499
26	33	0.63
26	18	0.453
26	14	0.242
26	51	0.977
26	82	0.901
26	46	0.579
26	35	0.341
26	8	0.168
26	15	0.826
26	58	0.277
26	43	0.685
26	76	0.718
26	38	0.161
26	28	0.8220000000000001
26	54	0.7959999999999999
26	70	0.449
26	74	0.82
26	71	0.575
26	41	0.826
26	21	0.271
26	22	0.311
26	31	0.736
26	44	0.794
26	34	0.183
26	25	0.631
26	57	0.843
26	59	0.151
26	39	0.531
26	10	0.984
26	62	0.366
26	27	0.643
26	32	0.826
26	36	0.866
26	61	0.305
26	13	0.306
26	37	0.309
26	2	0.7
26	60	0.171
26	80	0.35100000000000003
26	50	0.634
26	9	0.642
26	68	0.204
26	24	0.268
26	0	0.284
26	12	0.4970000000000001
26	23	0.319
26	17	0.406
26	7	0.653
26	47	0.345
26	55	0.34600000000000003
26	42	0.369
26	78	0.443
26	79	0.256
26	45	0.508
26	5	0.504
26	48	0.24
15	67	0.8220000000000001
15	77	0.503
15	69	0.512
15	63	0.575
15	40	0.446
15	3	0.5429999999999999
15	29	0.898
15	4	0.6629999999999999
15	72	0.931
15	20	0.948
15	53	0.211
15	16	0.408
15	56	0.491
15	1	0.851
15	13	0.45
15	37	0.271
15	60	0.408
15	80	0.459
15	50	0.5489999999999999
15	2	0.718
15	9	0.499
15	68	0.195
15	0	0.493
15	12	0.194
15	7	0.893
15	17	0.268
15	47	0.441
15	55	0.35600000000000004
15	42	0.495
15	66	0.664
15	6	0.916
15	30	0.276
15	75	0.159
15	11	0.845
15	81	0.78
15	64	0.639
15	73	0.938
15	33	0.66
15	14	0.153
15	18	0.6970000000000001
15	51	0.258
15	82	0.974
15	46	0.639
15	35	0.305
15	8	0.498
15	78	0.426
15	45	0.536
15	79	0.445
15	48	0.305
15	5	0.7879999999999999
15	49	0.44
15	58	0.343
15	43	0.848
15	19	0.795
15	28	0.82
15	38	0.161
15	54	0.946
15	74	0.936
15	70	0.584
15	21	0.574
15	71	0.695
15	52	0.212
15	41	0.883
15	22	0.343
15	26	0.826
15	31	0.7340000000000001
15	44	0.6809999999999999
15	76	0.5760000000000001
15	34	0.359
15	59	0.754
15	57	0.7490000000000001
15	39	0.828
15	10	0.44
15	62	0.5720000000000001
15	27	0.252
15	36	0.911
15	32	0.929
15	61	0.388
15	23	0.6679999999999999
21	67	0.188
21	4	0.3720000000000001
21	82	0.442
21	46	0.16699999999999998
21	8	0.21600000000000005
21	77	0.206
21	29	0.417
21	3	0.39
21	63	0.15
21	20	0.637
21	72	0.443
21	79	0.15
21	56	0.185
21	5	0.442
21	1	0.34600000000000003
21	16	0.275
21	43	0.339
21	15	0.574
21	19	0.28600000000000003
21	54	0.399
21	2	0.364
21	28	0.276
21	70	0.151
21	74	0.441
21	50	0.26
21	44	0.165
21	41	0.305
21	22	0.276
21	26	0.271
21	31	0.373
21	0	0.205
21	24	0.398
21	7	0.541
21	17	0.152
21	55	0.152
21	76	0.19
21	66	0.424
21	42	0.159
21	57	0.378
21	6	0.369
21	39	0.277
21	10	0.165
21	62	0.416
21	36	0.659
21	11	0.41
21	32	0.256
21	81	0.38
21	61	0.21
21	25	0.551
21	33	0.235
21	14	0.38
21	23	0.4970000000000001
21	18	0.422
81	53	0.575
81	29	0.929
81	4	0.489
81	72	0.977
81	20	0.825
81	16	0.277
81	1	0.394
81	56	0.6579999999999999
81	13	0.407
81	37	0.25
81	60	0.213
81	80	0.443
81	2	0.38
81	50	0.873
81	9	0.6709999999999999
81	68	0.304
81	0	0.32299999999999995
81	12	0.51
81	24	0.305
81	17	0.493
81	7	0.8370000000000001
81	47	0.341
81	55	0.595
81	42	0.5760000000000001
81	6	0.995
81	66	0.369
81	75	0.171
81	30	0.264
81	11	0.546
81	64	0.509
81	33	0.92
81	73	0.784
81	14	0.501
81	18	0.489
81	51	0.489
81	27	0.708
81	62	0.419
81	32	0.895
81	36	0.979
81	61	0.364
81	25	0.6629999999999999
81	23	0.531
81	35	0.531
81	82	0.966
81	46	0.504
81	8	0.234
81	78	0.54
81	79	0.38
81	45	0.44
81	48	0.393
81	5	0.6579999999999999
81	49	0.8270000000000001
81	15	0.78
81	58	0.47
81	43	0.995
81	19	0.938
81	54	0.965
81	38	0.935
81	70	0.441
81	28	0.797
81	74	0.898
81	71	0.675
81	21	0.38
81	41	0.956
81	22	0.304
81	26	0.82
81	52	0.171
81	31	0.996
81	44	0.74
81	67	0.847
81	77	0.981
81	3	0.442
81	40	0.575
81	63	0.44
81	76	0.936
81	34	0.552
81	59	0.238
81	57	0.774
81	39	0.8909999999999999
81	10	0.674
56	19	0.505
56	67	0.53
56	77	0.92
56	40	0.708
56	63	0.229
56	3	0.243
56	4	0.19
56	29	0.7140000000000001
56	72	0.574
56	20	0.471
56	1	0.205
56	13	0.187
56	60	0.303
56	2	0.252
56	50	0.531
56	68	0.245
56	9	0.305
56	0	0.23
56	12	0.23
56	24	0.215
56	17	0.321
56	7	0.343
56	47	0.424
56	55	0.196
56	42	0.205
56	66	0.16899999999999998
56	6	0.895
56	30	0.206
56	11	0.338
56	64	0.787
56	81	0.6579999999999999
56	33	0.503
56	73	0.204
56	14	0.254
56	18	0.238
56	51	0.8290000000000001
56	82	0.823
56	46	0.6579999999999999
56	78	0.159
56	49	0.305
56	15	0.491
56	58	0.252
56	43	0.481
56	54	0.63
56	28	0.71
56	70	0.426
56	74	0.573
56	71	0.444
56	21	0.185
56	41	0.364
56	22	0.273
56	26	0.8759999999999999
56	31	0.629
56	44	0.408
56	76	0.7190000000000001
56	57	0.7
56	39	0.345
56	10	0.982
56	27	0.409
56	62	0.365
56	32	0.441
56	36	0.703
56	61	0.34
56	25	0.443
56	23	0.277
56	79	0.272
56	45	0.535
56	5	0.366
43	39	0.985
43	57	0.484
43	59	0.248
43	10	0.493
43	27	0.682
43	36	0.967
43	62	0.304
43	32	0.927
43	25	0.589
43	61	0.343
43	23	0.47
43	34	0.535
43	67	0.973
43	77	0.7509999999999999
43	40	0.479
43	69	0.151
43	63	0.43
43	3	0.354
43	72	0.969
43	29	0.8220000000000001
43	4	0.728
43	20	0.7490000000000001
43	53	0.32299999999999995
43	16	0.231
43	1	0.438
43	56	0.481
43	13	0.348
43	37	0.187
43	60	0.185
43	80	0.441
43	2	0.398
43	50	0.7170000000000001
43	9	0.65
43	68	0.28800000000000003
43	12	0.52
43	0	0.278
43	24	0.305
43	17	0.444
43	47	0.307
43	7	0.889
43	55	0.5489999999999999
43	42	0.769
43	66	0.6409999999999999
43	6	0.8240000000000001
43	11	0.531
43	30	0.243
43	75	0.151
43	64	0.441
43	81	0.995
43	73	0.978
43	33	0.82
43	14	0.398
43	18	0.524
43	51	0.305
43	82	0.966
43	46	0.6890000000000001
43	35	0.47
43	8	0.523
43	48	0.942
43	78	0.505
43	45	0.642
43	79	0.402
43	5	0.8440000000000001
43	49	0.984
43	15	0.848
43	58	0.622
43	19	0.727
43	38	0.927
43	28	0.74
43	54	0.977
43	70	0.468
43	74	0.899
43	71	0.384
43	21	0.339
43	41	0.899
43	22	0.25
43	52	0.211
43	26	0.685
43	31	0.895
43	44	0.718
43	76	0.6859999999999999
73	63	0.177
73	40	0.279
73	65	0.187
73	3	0.17600000000000002
73	78	0.368
73	4	0.243
73	29	0.677
73	72	0.838
73	20	0.556
73	45	0.219
73	79	0.214
73	48	0.982
73	5	0.936
73	49	0.278
73	16	0.206
73	1	0.337
73	56	0.204
73	15	0.938
73	43	0.978
73	13	0.254
73	19	0.696
73	76	0.466
73	38	0.444
73	80	0.349
73	28	0.284
73	2	0.192
73	54	0.758
73	70	0.208
73	74	0.424
73	50	0.475
73	71	0.212
73	41	0.679
73	9	0.936
73	26	0.499
73	52	0.196
73	31	0.747
73	24	0.205
73	12	0.273
73	44	0.436
73	17	0.257
73	7	0.69
73	47	0.19
73	55	0.238
73	67	0.278
73	82	0.979
73	35	0.242
73	36	0.981
73	77	0.237
73	34	0.3670000000000001
73	42	0.329
73	66	0.159
73	57	0.214
73	6	0.701
73	39	0.7809999999999999
73	10	0.227
73	27	0.946
73	11	0.931
73	32	0.947
73	64	0.28800000000000003
73	81	0.784
73	23	0.255
73	25	0.421
73	33	0.547
73	18	0.277
73	14	0.217
36	54	0.96
36	28	0.713
36	70	0.441
36	71	0.505
36	41	0.951
36	21	0.659
36	9	0.71
36	77	0.8220000000000001
36	40	0.635
36	4	0.53
36	53	0.442
36	16	0.738
36	60	0.171
36	68	0.272
36	15	0.911
36	31	0.977
36	44	0.716
36	62	0.345
36	25	0.918
36	49	0.629
36	12	0.518
36	0	0.32299999999999995
36	55	0.594
36	17	0.579
36	66	0.726
36	11	0.63
36	64	0.511
36	73	0.981
36	14	0.531
36	18	0.5760000000000001
36	51	0.44
36	78	0.6579999999999999
36	79	0.789
36	45	0.664
36	48	0.943
36	19	0.928
36	38	0.434
36	74	0.935
36	22	0.345
36	52	0.16699999999999998
36	26	0.866
36	76	0.826
36	34	0.5670000000000001
36	59	0.365
36	57	0.628
36	39	0.823
36	10	0.552
36	27	0.731
36	32	0.899
36	61	0.304
36	23	0.8170000000000001
36	67	0.821
36	63	0.442
36	3	0.493
36	29	0.979
36	20	0.892
36	72	0.98
36	1	0.481
36	56	0.703
36	13	0.45
36	35	0.58
36	80	0.6970000000000001
36	37	0.446
36	2	0.473
36	50	0.825
36	24	0.6509999999999999
36	7	0.866
36	47	0.319
36	42	0.5760000000000001
36	6	0.967
36	30	0.6579999999999999
36	75	0.211
36	81	0.979
36	33	0.91
36	82	0.977
36	46	0.506
36	8	0.312
36	5	0.81
36	58	0.504
36	43	0.967
31	48	0.339
31	5	0.625
31	67	0.655
31	77	0.989
31	63	0.364
31	40	0.54
31	4	0.441
31	3	0.366
31	29	0.974
31	20	0.826
31	72	0.939
31	53	0.277
31	56	0.629
31	16	0.48
31	1	0.429
31	13	0.408
31	37	0.48
31	80	0.304
31	2	0.375
31	50	0.916
31	9	0.638
31	68	0.189
31	12	0.455
31	0	0.23
31	24	0.63
31	17	0.53
31	55	0.513
31	7	0.708
31	47	0.211
31	42	0.39
31	66	0.31
31	6	0.995
31	30	0.38
31	18	0.442
31	11	0.574
31	75	0.151
31	64	0.434
31	81	0.996
31	73	0.747
31	14	0.365
31	33	0.727
31	51	0.441
31	8	0.165
31	82	0.898
31	46	0.364
31	35	0.503
31	78	0.5760000000000001
31	79	0.813
31	45	0.277
31	15	0.7340000000000001
31	49	0.481
31	58	0.343
31	43	0.895
31	19	0.746
31	38	0.341
31	54	0.823
31	28	0.574
31	70	0.306
31	74	0.8220000000000001
31	25	0.93
31	71	0.44
31	41	0.828
31	21	0.373
31	22	0.343
31	26	0.736
31	52	0.196
31	34	0.348
31	44	0.605
31	76	0.7490000000000001
31	59	0.24
31	57	0.433
31	39	0.7190000000000001
31	10	0.54
31	27	0.669
31	62	0.25
31	32	0.8270000000000001
31	36	0.977
31	61	0.192
31	23	0.628
53	54	0.595
53	28	0.187
53	67	0.192
53	74	0.204
53	50	0.35100000000000003
53	9	0.285
53	82	0.354
53	41	0.256
53	44	0.165
53	31	0.277
53	29	0.277
53	72	0.462
53	20	0.27
53	7	0.249
53	55	0.181
53	76	0.38
53	49	0.159
53	15	0.211
53	1	0.162
53	6	0.422
53	39	0.28
53	58	0.258
53	43	0.32299999999999995
53	27	0.257
53	19	0.516
53	32	0.18
53	36	0.442
53	81	0.575
53	33	0.478
53	23	0.17
53	14	0.191
64	43	0.441
64	67	0.48
64	77	0.5770000000000001
64	63	0.244
64	40	0.821
64	65	0.304
64	3	0.151
64	29	0.364
64	20	0.325
64	72	0.4970000000000001
64	1	0.151
64	56	0.787
64	13	0.163
64	80	0.151
64	60	0.237
64	2	0.18600000000000005
64	50	0.342
64	9	0.206
64	68	0.205
64	18	0.18600000000000005
64	17	0.277
64	7	0.228
64	47	0.364
64	55	0.173
64	42	0.191
64	66	0.16899999999999998
64	6	0.633
64	30	0.304
64	11	0.304
64	81	0.509
64	73	0.28800000000000003
64	33	0.3670000000000001
64	51	0.491
64	82	0.7979999999999999
64	46	0.71
64	35	0.349
64	78	0.206
64	45	0.442
64	48	0.278
64	5	0.228
64	49	0.215
64	15	0.639
64	19	0.345
64	38	0.159
64	54	0.515
64	28	0.504
64	70	0.366
64	74	0.4920000000000001
64	71	0.823
64	41	0.32299999999999995
64	52	0.15
64	26	0.63
64	31	0.434
64	44	0.439
64	76	0.442
64	57	0.365
64	39	0.304
64	10	0.5760000000000001
64	62	0.151
64	27	0.256
64	32	0.6779999999999999
64	36	0.511
64	61	0.29
64	25	0.214
9	67	0.442
9	51	0.277
9	82	0.759
9	46	0.29
9	35	0.206
9	77	0.369
9	8	0.417
9	3	0.515
9	78	0.242
9	40	0.304
9	63	0.304
9	53	0.285
9	29	0.6609999999999999
9	4	0.654
9	72	0.747
9	20	0.338
9	5	0.753
9	48	0.922
9	45	0.294
9	79	0.244
9	49	0.441
9	56	0.305
9	1	0.695
9	15	0.499
9	58	0.31
9	43	0.65
9	13	0.274
9	19	0.483
9	62	0.413
9	11	0.6990000000000001
9	32	0.889
9	36	0.71
9	81	0.6709999999999999
9	64	0.206
9	61	0.153
9	73	0.936
9	25	0.184
9	33	0.585
9	18	0.65
9	14	0.491
9	80	0.334
9	2	0.575
9	54	0.848
9	28	0.453
9	70	0.314
9	74	0.87
9	50	0.504
9	71	0.409
9	41	0.662
9	22	0.313
9	26	0.642
9	31	0.638
9	0	0.345
9	12	0.958
9	44	0.63
9	17	0.209
9	7	0.857
9	55	0.307
9	76	0.531
9	66	0.472
9	42	0.639
9	59	0.151
9	57	0.662
9	6	0.6779999999999999
9	39	0.53
9	27	0.94
10	78	0.19
10	45	0.442
10	48	0.197
10	5	0.2
10	49	0.44
10	15	0.44
10	43	0.493
10	19	0.4970000000000001
10	54	0.629
10	28	0.63
10	74	0.48
10	70	0.44
10	71	0.455
10	21	0.165
10	41	0.199
10	26	0.984
10	31	0.54
10	44	0.37
10	76	0.58
10	57	0.69
10	39	0.282
10	27	0.227
10	62	0.4
10	32	0.682
10	36	0.552
10	61	0.599
10	80	0.241
10	67	0.48
10	77	0.923
10	40	0.66
10	69	0.396
10	63	0.21
10	3	0.168
10	29	0.343
10	72	0.493
10	20	0.277
10	56	0.982
10	60	0.193
10	50	0.448
10	68	0.163
10	0	0.16899999999999998
10	17	0.199
10	7	0.187
10	47	0.343
10	55	0.165
10	42	0.312
10	6	0.894
10	81	0.674
10	11	0.206
10	30	0.228
10	64	0.5760000000000001
10	51	0.964
10	73	0.227
10	33	0.365
10	18	0.196
10	46	0.544
10	82	0.82
69	67	0.182
69	72	0.195
69	1	0.154
69	42	0.214
69	11	0.185
69	18	0.17
69	82	0.627
69	46	0.245
69	45	0.155
69	15	0.512
69	43	0.151
69	74	0.277
69	54	0.5489999999999999
69	70	0.21
69	44	0.23
69	57	0.163
69	10	0.396
69	32	0.191
82	65	0.277
82	40	0.893
82	4	0.531
82	53	0.354
82	16	0.306
82	60	0.407
82	68	0.38
82	9	0.759
82	12	0.6629999999999999
82	0	0.7020000000000001
82	17	0.614
82	55	0.638
82	66	0.551
82	52	0.305
82	26	0.901
82	76	0.792
82	34	0.527
82	11	0.923
82	64	0.7979999999999999
82	73	0.979
82	39	0.9
82	57	0.83
82	59	0.838
82	27	0.8220000000000001
82	10	0.82
82	32	0.987
82	36	0.977
82	61	0.442
82	23	0.574
82	67	0.918
82	63	0.63
82	69	0.627
82	3	0.493
82	29	0.925
82	20	0.933
82	72	0.981
82	1	0.875
82	56	0.823
82	13	0.526
82	37	0.371
82	80	0.71
82	2	0.649
82	50	0.715
82	24	0.43
82	7	0.833
82	47	0.501
82	42	0.7090000000000001
82	6	0.968
82	30	0.403
82	75	0.25
82	81	0.966
82	33	0.875
82	46	0.847
82	14	0.443
82	18	0.8290000000000001
82	35	0.774
82	51	0.705
82	8	0.588
82	5	0.705
82	62	0.491
82	25	0.723
82	79	0.7509999999999999
82	45	0.828
82	78	0.659
82	48	0.472
82	49	0.664
82	15	0.974
82	19	0.892
82	38	0.443
82	74	0.984
82	22	0.32299999999999995
82	77	0.826
82	58	0.718
82	43	0.966
82	28	0.823
82	54	0.981
82	70	0.774
82	71	0.926
82	21	0.442
82	41	0.996
82	31	0.898
82	44	0.949
80	63	0.206
80	67	0.3670000000000001
80	82	0.71
80	46	0.19
80	35	0.165
80	77	0.277
80	40	0.305
80	78	0.237
80	29	0.481
80	4	0.19
80	72	0.63
80	20	0.336
80	5	0.252
80	45	0.159
80	79	0.364
80	48	0.277
80	49	0.215
80	1	0.34
80	15	0.459
80	58	0.206
80	43	0.441
80	19	0.343
80	13	0.188
80	54	0.705
80	2	0.23
80	28	0.313
80	50	0.194
80	70	0.19
80	74	0.775
80	71	0.22
80	41	0.442
80	9	0.334
80	6	0.424
80	26	0.35100000000000003
80	31	0.304
80	44	0.971
80	17	0.294
80	7	0.361
80	55	0.314
80	76	0.24
80	42	0.588
80	57	0.16899999999999998
80	59	0.153
80	11	0.397
80	18	0.267
80	39	0.573
80	32	0.94
80	27	0.386
80	10	0.241
80	62	0.17
80	36	0.6970000000000001
80	64	0.151
80	81	0.443
80	61	0.215
80	73	0.349
80	25	0.199
80	23	0.161
80	33	0.304
75	54	0.28800000000000003
75	74	0.304
75	41	0.342
75	82	0.25
75	31	0.151
75	40	0.161
75	29	0.194
75	78	0.161
75	44	0.366
75	72	0.16699999999999998
75	79	0.426
75	32	0.342
75	6	0.15
75	1	0.151
75	15	0.159
75	39	0.38
75	43	0.151
75	36	0.211
75	11	0.21
75	81	0.171
75	33	0.166
75	18	0.235
14	66	0.408
14	42	0.2
14	11	0.938
14	6	0.504
14	81	0.501
14	73	0.217
14	33	0.3670000000000001
14	18	0.911
14	51	0.339
14	82	0.443
14	46	0.241
14	8	0.931
14	79	0.23
14	45	0.19
14	5	0.955
14	49	0.18600000000000005
14	15	0.153
14	58	0.379
14	43	0.398
14	19	0.504
14	67	0.277
14	77	0.206
14	3	0.981
14	16	0.215
14	4	0.948
14	29	0.384
14	20	0.961
14	72	0.504
14	53	0.191
14	56	0.254
14	1	0.925
14	13	0.384
14	2	0.931
14	50	0.159
14	9	0.491
14	71	0.542
14	12	0.317
14	0	0.922
14	24	0.306
14	7	0.959
14	55	0.195
14	28	0.242
14	54	0.499
14	70	0.213
14	74	0.947
14	21	0.38
14	41	0.379
14	22	0.95
14	26	0.242
14	52	0.205
14	31	0.365
14	44	0.161
14	76	0.441
14	61	0.277
14	57	0.97
14	39	0.321
14	27	0.153
14	62	0.929
14	32	0.305
14	36	0.531
14	25	0.473
14	23	0.5770000000000001
22	19	0.204
22	13	0.165
22	2	0.921
22	54	0.321
22	28	0.161
22	70	0.151
22	74	0.933
22	50	0.28600000000000003
22	21	0.276
22	41	0.639
22	9	0.313
22	26	0.311
22	0	0.915
22	31	0.343
22	12	0.394
22	24	0.277
22	7	0.938
22	44	0.185
22	17	0.304
22	55	0.15
22	76	0.229
22	57	0.936
22	66	0.277
22	6	0.28
22	39	0.254
22	18	0.938
22	14	0.95
22	62	0.914
22	27	0.33
22	11	0.929
22	32	0.221
22	36	0.345
22	81	0.304
22	61	0.161
22	25	0.408
22	33	0.24
22	23	0.441
22	43	0.25
22	67	0.161
22	51	0.396
22	82	0.32299999999999995
22	46	0.15
22	35	0.25
22	77	0.234
22	8	0.925
22	3	0.939
22	78	0.18600000000000005
22	79	0.29
22	20	0.937
22	4	0.931
22	29	0.365
22	72	0.32299999999999995
22	5	0.938
22	1	0.911
22	16	0.247
22	56	0.273
22	15	0.343
44	82	0.949
44	67	0.792
44	51	0.21
44	46	0.69
44	35	0.16899999999999998
44	54	0.915
44	4	0.321
44	8	0.161
44	77	0.742
44	69	0.23
44	29	0.654
44	63	0.305
44	40	0.7390000000000001
44	3	0.215
44	78	0.25
44	20	0.634
44	72	0.784
44	79	0.38
44	45	0.364
44	56	0.408
44	48	0.364
44	5	0.417
44	53	0.165
44	49	0.48
44	1	0.526
44	15	0.6809999999999999
44	58	0.159
44	2	0.642
44	43	0.718
44	13	0.3720000000000001
44	19	0.441
44	80	0.971
44	60	0.25
44	74	0.908
44	70	0.601
44	28	0.579
44	50	0.44
44	71	0.415
44	47	0.37
44	9	0.63
44	41	0.573
44	21	0.165
44	22	0.185
44	0	0.248
44	52	0.188
44	26	0.794
44	68	0.305
44	12	0.46
44	31	0.605
44	24	0.242
44	17	0.399
44	7	0.581
44	55	0.615
44	76	0.479
44	34	0.15
44	42	0.448
44	59	0.151
44	66	0.239
44	57	0.345
44	6	0.879
44	39	0.963
44	23	0.312
44	10	0.37
44	27	0.669
44	75	0.366
44	62	0.244
44	11	0.613
44	32	0.997
44	36	0.716
44	64	0.439
44	81	0.74
44	73	0.436
44	61	0.243
44	25	0.472
44	33	0.477
44	14	0.161
44	18	0.5770000000000001
32	68	0.305
32	0	0.345
32	12	0.8390000000000001
32	24	0.327
32	17	0.503
32	7	0.835
32	47	0.3720000000000001
32	55	0.696
32	42	0.63
32	66	0.6629999999999999
32	6	0.894
32	30	0.19
32	11	0.907
32	75	0.342
32	81	0.895
32	64	0.6779999999999999
32	73	0.947
32	33	0.777
32	14	0.305
32	18	0.8340000000000001
32	82	0.987
32	51	0.248
32	46	0.825
32	35	0.424
32	8	0.282
32	78	0.6829999999999999
32	45	0.481
32	79	0.735
32	48	0.937
32	5	0.551
32	49	0.5770000000000001
32	15	0.929
32	58	0.305
32	43	0.927
32	19	0.629
32	38	0.252
32	54	0.983
32	28	0.77
32	21	0.256
32	70	0.711
32	74	0.985
32	71	0.53
32	41	0.898
32	22	0.221
32	52	0.21
32	26	0.826
32	31	0.8270000000000001
32	44	0.997
32	76	0.574
32	34	0.3
32	59	0.368
32	39	0.989
32	57	0.7
32	10	0.682
32	27	0.924
32	62	0.339
32	36	0.899
32	61	0.305
32	25	0.789
32	23	0.408
32	67	0.8909999999999999
32	77	0.5379999999999999
32	3	0.339
32	69	0.191
32	40	0.574
32	63	0.481
32	20	0.882
32	72	0.959
32	29	0.78
32	4	0.448
32	53	0.18
32	16	0.2
32	1	0.884
32	56	0.441
32	13	0.444
32	37	0.242
32	80	0.94
32	60	0.319
32	2	0.723
32	50	0.504
32	9	0.889
76	67	0.491
76	51	0.505
76	82	0.792
76	46	0.34
76	35	0.379
76	77	0.715
76	63	0.187
76	40	0.575
76	3	0.439
76	78	0.342
76	20	0.585
76	4	0.304
76	29	0.713
76	72	0.7809999999999999
76	45	0.927
76	79	0.342
76	48	0.252
76	5	0.501
76	53	0.38
76	49	0.433
76	16	0.165
76	1	0.299
76	56	0.7190000000000001
76	15	0.5760000000000001
76	19	0.703
76	58	0.414
76	43	0.6859999999999999
76	13	0.28600000000000003
76	38	0.171
76	37	0.183
76	80	0.24
76	54	0.705
76	2	0.374
76	28	0.573
76	70	0.305
76	74	0.6579999999999999
76	50	0.821
76	71	0.66
76	21	0.19
76	9	0.531
76	41	0.821
76	22	0.229
76	26	0.718
76	0	0.365
76	31	0.7490000000000001
76	12	0.44
76	24	0.24
76	44	0.479
76	17	0.332
76	7	0.578
76	47	0.19
76	55	0.366
76	42	0.304
76	34	0.454
76	57	0.504
76	66	0.215
76	6	0.8220000000000001
76	39	0.5760000000000001
76	62	0.189
76	10	0.58
76	30	0.21
76	27	0.504
76	25	0.574
76	11	0.407
76	32	0.574
76	36	0.826
76	64	0.442
76	81	0.936
76	61	0.151
76	73	0.466
76	33	0.92
76	23	0.41
76	18	0.368
76	14	0.441
34	54	0.602
34	67	0.244
34	74	0.501
34	50	0.436
34	82	0.527
34	35	0.479
34	41	0.7090000000000001
34	77	0.215
34	26	0.183
34	40	0.163
34	78	0.429
34	3	0.206
34	31	0.348
34	29	0.406
34	20	0.152
34	72	0.557
34	44	0.15
34	79	0.151
34	7	0.229
34	76	0.454
34	49	0.161
34	6	0.482
34	39	0.339
34	15	0.359
34	43	0.535
34	58	0.223
34	27	0.24
34	81	0.552
34	19	0.35
34	32	0.3
34	36	0.5670000000000001
34	18	0.266
34	73	0.3670000000000001
34	37	0.183
34	38	0.183
34	33	0.516
46	59	0.16699999999999998
46	57	0.8240000000000001
46	74	0.721
46	22	0.15
46	26	0.579
46	76	0.34
46	39	0.341
46	36	0.506
46	27	0.6
46	10	0.544
46	32	0.825
46	61	0.66
46	23	0.19
46	67	0.903
46	69	0.245
46	63	0.344
46	20	0.481
46	3	0.462
46	72	0.5379999999999999
46	29	0.4370000000000001
46	1	0.247
46	56	0.6579999999999999
46	13	0.205
46	37	0.423
46	80	0.19
46	2	0.379
46	50	0.268
46	24	0.159
46	7	0.44
46	47	0.956
46	42	0.281
46	6	0.631
46	81	0.504
46	33	0.326
46	82	0.847
46	8	0.166
46	5	0.345
46	58	0.187
46	43	0.6890000000000001
46	54	0.6990000000000001
46	28	0.491
46	70	0.775
46	71	0.711
46	21	0.16699999999999998
46	41	0.364
46	31	0.364
46	77	0.444
46	40	0.447
46	4	0.325
46	60	0.7040000000000001
46	9	0.29
46	68	0.4920000000000001
46	0	0.305
46	17	0.312
46	55	0.166
46	66	0.25
46	11	0.442
46	64	0.71
46	14	0.241
46	18	0.211
46	51	0.355
46	79	0.159
46	45	0.83
46	49	0.5760000000000001
46	25	0.361
46	15	0.639
46	44	0.69
46	62	0.813
46	19	0.443
40	82	0.893
40	67	0.502
40	51	0.716
40	46	0.447
40	35	0.303
40	77	0.7040000000000001
40	63	0.211
40	78	0.573
40	3	0.16899999999999998
40	65	0.35100000000000003
40	20	0.443
40	29	0.629
40	72	0.63
40	4	0.214
40	79	0.212
40	45	0.377
40	48	0.23
40	5	0.277
40	49	0.21600000000000005
40	1	0.263
40	56	0.708
40	15	0.446
40	43	0.479
40	13	0.236
40	19	0.364
40	73	0.279
40	25	0.422
40	38	0.275
40	37	0.16699999999999998
40	2	0.28
40	80	0.305
40	60	0.19
40	28	0.578
40	54	0.774
40	74	0.63
40	70	0.38
40	71	0.823
40	0	0.181
40	50	0.504
40	9	0.304
40	41	0.502
40	52	0.205
40	26	0.7070000000000001
40	68	0.165
40	31	0.54
40	12	0.151
40	24	0.198
40	44	0.7390000000000001
40	17	0.28
40	47	0.28600000000000003
40	7	0.364
40	55	0.172
40	76	0.575
40	34	0.163
40	42	0.204
40	66	0.172
40	57	0.4
40	6	0.723
40	39	0.481
40	10	0.66
40	27	0.345
40	62	0.28
40	30	0.38
40	61	0.196
40	75	0.161
40	32	0.574
40	11	0.366
40	36	0.635
40	64	0.821
40	81	0.575
40	33	0.481
40	23	0.212
40	18	0.277
50	1	0.277
50	56	0.531
50	16	0.188
50	49	0.321
50	9	0.504
50	22	0.28600000000000003
50	77	0.6629999999999999
50	67	0.67
50	51	0.374
50	82	0.715
50	46	0.268
50	35	0.509
50	15	0.5489999999999999
50	63	0.504
50	40	0.504
50	3	0.19
50	78	0.449
50	79	0.504
50	4	0.246
50	29	0.893
50	20	0.63
50	72	0.866
50	48	0.26
50	5	0.408
50	53	0.35100000000000003
50	13	0.211
50	58	0.192
50	19	0.481
50	43	0.7170000000000001
50	38	0.254
50	37	0.375
50	2	0.252
50	80	0.194
50	54	0.58
50	28	0.4
50	70	0.171
50	74	0.578
50	71	0.345
50	41	0.838
50	21	0.26
50	26	0.634
50	68	0.155
50	31	0.916
50	12	0.341
50	24	0.373
50	76	0.821
50	17	0.331
50	44	0.44
50	7	0.5489999999999999
50	55	0.308
50	34	0.436
50	42	0.247
50	66	0.192
50	57	0.276
50	6	0.7070000000000001
50	39	0.57
50	10	0.448
50	11	0.414
50	32	0.504
50	27	0.505
50	30	0.365
50	36	0.825
50	64	0.342
50	81	0.873
50	73	0.475
50	25	0.845
50	23	0.379
50	33	0.821
50	18	0.615
50	14	0.159
39	19	0.63
39	67	0.542
39	40	0.481
39	77	0.441
39	63	0.442
39	3	0.328
39	72	0.921
39	29	0.984
39	4	0.442
39	20	0.83
39	56	0.345
39	1	0.444
39	53	0.28
39	16	0.185
39	13	0.304
39	37	0.277
39	2	0.4
39	80	0.573
39	50	0.57
39	6	0.736
39	9	0.53
39	0	0.191
39	12	0.287
39	24	0.304
39	17	0.408
39	7	0.7020000000000001
39	47	0.187
39	55	0.366
39	42	0.491
39	66	0.327
39	5	0.575
39	75	0.38
39	11	0.53
39	30	0.205
39	73	0.7809999999999999
39	64	0.304
39	81	0.8909999999999999
39	33	0.892
39	14	0.321
39	18	0.443
39	82	0.9
39	46	0.341
39	35	0.659
39	8	0.685
39	78	0.439
39	79	0.797
39	45	0.319
39	48	0.422
39	49	0.501
39	58	0.307
39	15	0.828
39	43	0.985
39	23	0.4
39	38	0.37
39	28	0.499
39	54	0.8290000000000001
39	74	0.871
39	70	0.617
39	71	0.277
39	21	0.277
39	41	0.7490000000000001
39	22	0.254
39	26	0.531
39	31	0.7190000000000001
39	44	0.963
39	76	0.5760000000000001
39	34	0.339
39	59	0.343
39	57	0.408
39	10	0.282
39	27	0.636
39	32	0.989
39	62	0.241
39	36	0.823
39	61	0.192
39	25	0.525
3	56	0.243
3	1	0.938
3	67	0.271
3	51	0.375
3	82	0.493
3	46	0.462
3	35	0.256
3	77	0.193
3	8	0.939
3	16	0.25
3	40	0.16899999999999998
3	63	0.159
3	78	0.248
3	4	0.954
3	29	0.38
3	20	0.956
3	72	0.503
3	79	0.27
3	5	0.967
3	28	0.29
3	43	0.354
3	15	0.5429999999999999
3	58	0.531
3	13	0.436
3	19	0.504
3	54	0.6890000000000001
3	2	0.945
3	44	0.215
3	74	0.947
3	70	0.246
3	71	0.16899999999999998
3	50	0.19
3	21	0.39
3	41	0.674
3	9	0.515
3	22	0.939
3	26	0.307
3	52	0.161
3	0	0.931
3	31	0.366
3	12	0.387
3	24	0.408
3	17	0.408
3	7	0.963
3	76	0.439
3	55	0.514
3	34	0.206
3	42	0.21
3	66	0.34700000000000003
3	6	0.408
3	57	0.969
3	39	0.328
3	10	0.168
3	27	0.545
3	73	0.17600000000000002
3	11	0.948
3	62	0.936
3	32	0.339
3	36	0.493
3	64	0.151
3	81	0.442
3	25	0.481
3	33	0.345
3	23	0.505
3	14	0.981
3	18	0.955
20	67	0.589
20	37	0.256
20	77	0.531
20	3	0.956
20	40	0.443
20	63	0.447
20	29	0.8240000000000001
20	4	0.974
20	72	0.917
20	53	0.27
20	56	0.471
20	1	0.964
20	13	0.231
20	80	0.336
20	60	0.188
20	2	0.97
20	50	0.63
20	9	0.338
20	24	0.152
20	68	0.171
20	0	0.955
20	12	0.173
20	17	0.177
20	7	0.994
20	55	0.34700000000000003
20	47	0.303
20	42	0.742
20	70	0.41
20	66	0.648
20	6	0.826
20	11	0.981
20	64	0.325
20	81	0.825
20	73	0.556
20	18	0.971
20	33	0.705
20	14	0.961
20	51	0.278
20	46	0.481
20	82	0.933
20	35	0.256
20	8	0.943
20	5	0.986
20	78	0.342
20	79	0.3720000000000001
20	45	0.6779999999999999
20	48	0.32
20	49	0.491
20	15	0.948
20	58	0.374
20	43	0.7490000000000001
20	19	0.7879999999999999
20	38	0.15
20	28	0.612
20	54	0.916
20	74	0.994
20	71	0.338
20	21	0.637
20	41	0.846
20	22	0.937
20	26	0.703
20	31	0.826
20	44	0.634
20	76	0.585
20	34	0.152
20	59	0.25
20	57	0.978
20	39	0.83
20	62	0.986
20	10	0.277
20	27	0.179
20	36	0.892
20	32	0.882
20	61	0.242
20	25	0.183
20	23	0.15
8	63	0.157
8	67	0.17
8	82	0.588
8	46	0.166
8	29	0.214
8	3	0.939
8	20	0.943
8	4	0.94
8	72	0.54
8	45	0.173
8	5	0.944
8	16	0.171
8	1	0.931
8	15	0.498
8	43	0.523
8	13	0.426
8	19	0.215
8	28	0.23
8	54	0.397
8	2	0.939
8	70	0.162
8	74	0.935
8	22	0.925
8	21	0.21600000000000005
8	41	0.252
8	9	0.417
8	26	0.168
8	0	0.927
8	31	0.165
8	24	0.28800000000000003
8	44	0.161
8	7	0.948
8	17	0.316
8	66	0.597
8	6	0.294
8	57	0.944
8	39	0.685
8	27	0.458
8	62	0.932
8	11	0.942
8	32	0.282
8	36	0.312
8	23	0.38
8	81	0.234
8	25	0.369
8	33	0.206
8	14	0.931
8	18	0.938
68	67	0.539
68	82	0.38
68	46	0.4920000000000001
68	29	0.214
68	77	0.197
68	40	0.165
68	20	0.171
68	72	0.252
68	45	0.3670000000000001
68	49	0.224
68	56	0.245
68	15	0.195
68	43	0.28800000000000003
68	60	0.8540000000000001
68	54	0.644
68	50	0.155
68	74	0.321
68	28	0.276
68	70	0.171
68	26	0.204
68	41	0.16699999999999998
68	0	0.172
68	31	0.189
68	44	0.305
68	7	0.159
68	47	0.375
68	6	0.304
68	66	0.177
68	57	0.16899999999999998
68	10	0.163
68	27	0.151
68	36	0.272
68	32	0.305
68	11	0.181
68	61	0.8540000000000001
68	81	0.304
68	64	0.205
2	39	0.4
2	66	0.385
2	57	0.956
2	6	0.501
2	27	0.654
2	62	0.908
2	32	0.723
2	36	0.473
2	11	0.922
2	64	0.18600000000000005
2	81	0.38
2	25	0.5670000000000001
2	73	0.192
2	33	0.364
2	18	0.959
2	14	0.931
2	23	0.52
2	63	0.205
2	40	0.28
2	3	0.945
2	78	0.392
2	4	0.975
2	29	0.442
2	20	0.97
2	72	0.508
2	45	0.272
2	79	0.26
2	48	0.199
2	5	0.912
2	16	0.277
2	49	0.171
2	1	0.919
2	56	0.252
2	15	0.718
2	43	0.398
2	13	0.5489999999999999
2	19	0.277
2	28	0.353
2	37	0.199
2	54	0.727
2	80	0.23
2	70	0.249
2	74	0.935
2	50	0.252
2	71	0.274
2	21	0.364
2	41	0.504
2	9	0.575
2	22	0.921
2	26	0.7
2	12	0.358
2	0	0.911
2	31	0.375
2	24	0.443
2	44	0.642
2	7	0.971
2	17	0.562
2	47	0.171
2	55	0.16
2	76	0.374
2	42	0.19
2	67	0.339
2	51	0.206
2	82	0.649
2	46	0.379
2	35	0.277
2	8	0.939
2	77	0.254
0	67	0.925
0	82	0.7020000000000001
0	51	0.343
0	46	0.305
0	49	0.15
0	8	0.927
0	77	0.254
0	63	0.19
0	40	0.181
0	3	0.931
0	29	0.277
0	4	0.974
0	72	0.321
0	20	0.955
0	45	0.913
0	5	0.917
0	70	0.159
0	16	0.236
0	56	0.23
0	1	0.906
0	15	0.493
0	43	0.278
0	13	0.441
0	19	0.3720000000000001
0	2	0.911
0	60	0.25
0	28	0.238
0	54	0.407
0	74	0.909
0	21	0.205
0	41	0.183
0	9	0.345
0	22	0.915
0	26	0.284
0	76	0.365
0	68	0.172
0	31	0.23
0	12	0.171
0	24	0.306
0	44	0.248
0	17	0.408
0	47	0.204
0	7	0.971
0	42	0.161
0	66	0.217
0	6	0.613
0	57	0.941
0	39	0.191
0	11	0.905
0	10	0.16899999999999998
0	27	0.407
0	32	0.345
0	62	0.976
0	36	0.32299999999999995
0	81	0.32299999999999995
0	61	0.917
0	25	0.379
0	23	0.487
0	14	0.922
0	18	0.927
62	66	0.276
62	82	0.491
62	47	0.38
62	67	0.931
62	51	0.722
62	46	0.813
62	8	0.932
62	77	0.3670000000000001
62	63	0.189
62	40	0.28
62	3	0.936
62	29	0.304
62	4	0.977
62	20	0.986
62	72	0.368
62	45	0.929
62	5	0.977
62	49	0.154
62	16	0.205
62	1	0.91
62	56	0.365
62	15	0.5720000000000001
62	43	0.304
62	19	0.503
62	13	0.409
62	2	0.908
62	60	0.193
62	80	0.17
62	54	0.442
62	28	0.304
62	74	0.942
62	70	0.267
62	21	0.416
62	41	0.16899999999999998
62	9	0.413
62	22	0.914
62	26	0.366
62	0	0.976
62	12	0.206
62	31	0.25
62	24	0.313
62	44	0.244
62	17	0.424
62	7	0.974
62	76	0.189
62	42	0.151
62	6	0.441
62	57	0.965
62	39	0.241
62	81	0.419
62	10	0.4
62	27	0.484
62	32	0.339
62	36	0.345
62	11	0.906
62	64	0.151
62	25	0.407
62	61	0.916
62	33	0.16699999999999998
62	23	0.34700000000000003
62	18	0.929
62	14	0.929
33	66	0.324
33	6	0.7809999999999999
33	64	0.3670000000000001
33	30	0.183
33	75	0.166
33	11	0.442
33	81	0.92
33	73	0.547
33	18	0.407
33	14	0.3670000000000001
33	63	0.304
33	40	0.481
33	67	0.499
33	77	0.574
33	3	0.345
33	16	0.161
33	4	0.466
33	29	0.7390000000000001
33	72	0.892
33	20	0.705
33	53	0.478
33	1	0.305
33	56	0.503
33	13	0.35100000000000003
33	80	0.304
33	37	0.224
33	2	0.364
33	50	0.821
33	9	0.585
33	42	0.398
33	44	0.477
33	24	0.277
33	12	0.378
33	55	0.325
33	17	0.382
33	7	0.723
33	47	0.18
33	54	0.8370000000000001
33	35	0.442
33	51	0.34700000000000003
33	46	0.326
33	82	0.875
33	8	0.206
33	78	0.407
33	48	0.325
33	45	0.28300000000000003
33	79	0.338
33	49	0.491
33	5	0.58
33	15	0.66
33	58	0.674
33	19	0.838
33	43	0.82
33	38	0.29
33	74	0.7290000000000001
33	28	0.472
33	70	0.258
33	71	0.364
33	21	0.235
33	41	0.838
33	22	0.24
33	26	0.63
33	31	0.727
33	34	0.516
33	76	0.92
33	57	0.6609999999999999
33	59	0.161
33	39	0.892
33	10	0.365
33	27	0.632
33	62	0.16699999999999998
33	36	0.91
33	32	0.777
33	25	0.608
33	61	0.159
33	23	0.414
77	15	0.503
77	2	0.254
77	67	0.491
77	72	0.701
77	63	0.181
77	40	0.7040000000000001
77	3	0.193
77	4	0.205
77	29	0.818
77	20	0.531
77	1	0.211
77	16	0.16899999999999998
77	56	0.92
77	13	0.282
77	60	0.165
77	80	0.277
77	42	0.304
77	62	0.3670000000000001
77	58	0.2
77	50	0.6629999999999999
77	9	0.369
77	68	0.197
77	0	0.254
77	12	0.226
77	24	0.304
77	17	0.341
77	47	0.345
77	7	0.412
77	55	0.343
77	66	0.151
77	6	0.996
77	11	0.365
77	30	0.398
77	64	0.5770000000000001
77	81	0.981
77	14	0.206
77	73	0.237
77	33	0.574
77	18	0.24
77	51	0.8220000000000001
77	82	0.826
77	46	0.444
77	35	0.151
77	78	0.187
77	79	0.304
77	45	0.345
77	48	0.192
77	5	0.407
77	43	0.7509999999999999
77	49	0.44
77	19	0.63
77	54	0.705
77	38	0.221
77	28	0.7829999999999999
77	74	0.6579999999999999
77	70	0.441
77	71	0.728
77	21	0.206
77	41	0.48
77	22	0.234
77	26	0.91
77	31	0.989
77	44	0.742
77	76	0.715
77	34	0.215
77	57	0.69
77	39	0.441
77	27	0.448
77	10	0.923
77	32	0.5379999999999999
77	36	0.8220000000000001
77	61	0.28800000000000003
77	23	0.304
77	25	0.532
6	40	0.723
6	63	0.4
6	3	0.408
6	4	0.447
6	29	0.8270000000000001
6	20	0.826
6	72	0.955
6	53	0.422
6	16	0.28600000000000003
6	1	0.509
6	56	0.895
6	13	0.409
6	33	0.7809999999999999
6	18	0.5870000000000001
6	14	0.504
6	46	0.631
6	51	0.7340000000000001
6	82	0.968
6	35	0.446
6	8	0.294
6	78	0.691
6	48	0.369
6	45	0.483
6	79	0.441
6	5	0.63
6	49	0.6579999999999999
6	25	0.743
6	36	0.967
6	61	0.375
6	23	0.573
6	73	0.701
6	58	0.373
6	67	0.8140000000000001
6	77	0.996
6	80	0.424
6	37	0.297
6	60	0.28
6	2	0.501
6	50	0.7070000000000001
6	9	0.6779999999999999
6	68	0.304
6	0	0.613
6	12	0.515
6	24	0.447
6	17	0.53
6	7	0.737
6	47	0.4320000000000001
6	55	0.47
6	42	0.54
6	66	0.403
6	30	0.349
6	11	0.662
6	75	0.15
6	81	0.995
6	64	0.633
6	15	0.916
6	43	0.8240000000000001
6	19	0.8240000000000001
6	38	0.349
6	54	0.951
6	28	0.8809999999999999
6	70	0.6970000000000001
6	74	0.925
6	71	0.718
6	21	0.369
6	41	0.821
6	22	0.28
6	52	0.2
6	26	0.965
6	31	0.995
6	44	0.879
6	76	0.8220000000000001
6	34	0.482
6	39	0.736
6	59	0.197
6	57	0.63
6	32	0.894
6	10	0.894
6	27	0.73
6	62	0.441
25	67	0.442
25	51	0.16899999999999998
25	35	0.183
25	82	0.723
25	46	0.361
25	8	0.369
25	77	0.532
25	45	0.264
25	40	0.422
25	63	0.342
25	3	0.481
25	78	0.39
25	4	0.581
25	29	0.94
25	72	0.738
25	20	0.183
25	48	0.165
25	79	0.442
25	5	0.7090000000000001
25	49	0.29
25	16	0.154
25	1	0.498
25	56	0.443
25	58	0.165
25	43	0.589
25	19	0.659
25	37	0.596
25	80	0.199
25	2	0.5670000000000001
25	28	0.419
25	54	0.804
25	70	0.254
25	74	0.799
25	50	0.845
25	71	0.6729999999999999
25	41	0.7040000000000001
25	21	0.551
25	22	0.408
25	9	0.184
25	26	0.631
25	39	0.525
25	0	0.379
25	31	0.93
25	12	0.16399999999999998
25	44	0.472
25	17	0.193
25	7	0.978
25	47	0.16899999999999998
25	76	0.574
25	55	0.265
