0	17	0.917
0	73	0.153
0	97	0.16699999999999998
0	32	0.24100000000000002
0	120	0.539
0	49	0.163
0	21	0.381
0	30	0.304
0	36	0.27699999999999997
0	105	0.355
0	25	0.9420000000000001
0	3	0.963
0	37	0.518
0	66	0.18899999999999997
0	2	0.907
0	40	0.261
0	106	0.252
0	115	0.17300000000000001
0	96	0.222
0	6	0.594
0	48	0.303
0	22	0.965
0	12	0.496
0	111	0.375
0	39	0.244
0	31	0.9209999999999999
0	116	0.165
0	10	0.972
0	42	0.195
0	100	0.258
0	45	0.183
0	60	0.255
0	107	0.93
0	19	0.18100000000000002
0	7	0.975
0	1	0.9159999999999999
0	54	0.261
0	38	0.344
0	18	0.519
0	28	0.91
0	34	0.327
0	43	0.49200000000000005
0	4	0.915
0	26	0.946
0	33	0.526
0	35	0.9109999999999999
0	56	0.326
0	55	0.17300000000000001
0	77	0.42
0	8	0.9109999999999999
0	29	0.521
0	91	0.9109999999999999
0	119	0.252
0	16	0.401
0	11	0.9279999999999999
0	95	0.215
0	5	0.9329999999999999
0	61	0.39799999999999996
0	118	0.19899999999999998
0	20	0.52
0	9	0.355
0	63	0.174
0	14	0.9590000000000001
0	117	0.273
0	50	0.161
0	27	0.249
0	108	0.303
0	92	0.158
0	84	0.934
0	15	0.21100000000000002
1	73	0.175
1	16	0.47100000000000003
1	97	0.183
1	10	0.914
1	39	0.214
1	107	0.937
1	33	0.272
1	40	0.28800000000000003
1	61	0.292
1	5	0.9309999999999999
1	95	0.24600000000000002
1	63	0.187
1	105	0.31
1	14	0.9490000000000001
1	2	0.909
1	119	0.21100000000000002
1	30	0.239
1	48	0.26
1	26	0.9179999999999999
1	29	0.321
1	120	0.429
1	37	0.41200000000000003
1	22	0.943
1	103	0.183
1	11	0.925
1	116	0.17
1	34	0.41200000000000003
1	15	0.261
1	54	0.25
1	96	0.24
1	9	0.305
1	38	0.39
1	7	0.978
1	56	0.303
1	91	0.909
1	55	0.228
1	100	0.263
1	111	0.16699999999999998
1	36	0.307
1	4	0.91
1	25	0.948
1	92	0.161
1	8	0.977
1	108	0.161
1	28	0.909
1	84	0.941
1	20	0.26
1	27	0.18100000000000002
1	17	0.9129999999999999
1	21	0.44
1	18	0.519
1	12	0.392
1	32	0.214
1	43	0.637
1	0	0.9159999999999999
1	6	0.247
1	42	0.215
1	60	0.256
1	35	0.9079999999999999
1	3	0.9209999999999999
1	77	0.35
1	31	0.927
2	77	0.40700000000000003
2	22	0.927
2	40	0.27699999999999997
2	32	0.27899999999999997
2	120	0.7020000000000001
2	7	0.9740000000000001
2	6	0.18100000000000002
2	9	0.613
2	53	0.191
2	17	0.922
2	38	0.34700000000000003
2	100	0.27699999999999997
2	31	0.92
2	91	0.976
2	20	0.48700000000000004
2	42	0.23
2	92	0.19
2	29	0.48700000000000004
2	18	0.493
2	48	0.32299999999999995
2	30	0.306
2	16	0.441
2	111	0.365
2	1	0.909
2	69	0.15
2	83	0.23
2	11	0.927
2	43	0.345
2	24	0.37200000000000005
2	21	0.408
2	36	0.284
2	56	0.183
2	0	0.907
2	119	0.32299999999999995
2	55	0.18100000000000002
2	39	0.23800000000000002
2	113	0.254
2	88	0.22899999999999998
2	13	0.16899999999999998
2	58	0.161
2	5	0.9309999999999999
2	4	0.9109999999999999
2	54	0.191
2	85	0.903
2	60	0.278
2	26	0.94
2	3	0.9059999999999999
2	90	0.917
2	61	0.248
2	37	0.40700000000000003
2	64	0.204
2	34	0.379
2	89	0.25
2	28	0.915
2	14	0.905
2	62	0.9129999999999999
2	10	0.971
2	73	0.34299999999999997
2	35	0.9079999999999999
2	12	0.345
2	84	0.941
2	105	0.321
2	25	0.955
2	107	0.909
2	33	0.48700000000000004
2	15	0.171
2	19	0.23600000000000002
2	95	0.27699999999999997
2	98	0.172
2	102	0.159
2	63	0.305
2	8	0.917
2	96	0.217
2	27	0.205
2	97	0.925
3	38	0.321
3	117	0.34
3	84	0.9470000000000001
3	95	0.299
3	31	0.9209999999999999
3	28	0.9109999999999999
3	26	0.9390000000000001
3	60	0.43799999999999994
3	10	0.968
3	66	0.255
3	62	0.519
3	12	0.695
3	93	0.151
3	15	0.217
3	91	0.91
3	33	0.43
3	100	0.256
3	63	0.247
3	18	0.851
3	55	0.263
3	39	0.358
3	116	0.304
3	8	0.91
3	7	0.971
3	109	0.151
3	92	0.24100000000000002
3	0	0.963
3	30	0.38
3	37	0.779
3	36	0.575
3	76	0.162
3	96	0.361
3	70	0.159
3	27	0.34600000000000003
3	19	0.21
3	17	0.925
3	108	0.501
3	49	0.162
3	83	0.205
3	86	0.18100000000000002
3	77	0.628
3	115	0.38
3	35	0.903
3	103	0.243
3	45	0.305
3	4	0.919
3	21	0.517
3	58	0.258
3	113	0.21100000000000002
3	43	0.884
3	101	0.154
3	22	0.97
3	53	0.163
3	61	0.526
3	9	0.509
3	54	0.444
3	51	0.16699999999999998
3	56	0.588
3	48	0.48100000000000004
3	16	0.46
3	102	0.25
3	32	0.188
3	20	0.44
3	40	0.44799999999999995
3	97	0.305
3	107	0.977
3	2	0.9059999999999999
3	120	0.875
3	69	0.183
3	72	0.27699999999999997
3	29	0.441
3	24	0.254
3	42	0.429
3	14	0.983
3	25	0.9640000000000001
3	11	0.9309999999999999
3	118	0.21600000000000003
3	5	0.938
3	105	0.585
3	119	0.39399999999999996
3	1	0.9209999999999999
3	50	0.16899999999999998
3	6	0.483
3	34	0.498
3	106	0.337
3	111	0.299
3	47	0.2
4	42	0.375
4	58	0.19
4	92	0.205
4	27	0.364
4	66	0.19899999999999998
4	106	0.192
4	6	0.29100000000000004
4	22	0.9590000000000001
4	62	0.272
4	111	0.374
4	91	0.9079999999999999
4	21	0.562
4	3	0.919
4	8	0.912
4	63	0.379
4	71	0.165
4	40	0.442
4	118	0.20600000000000002
4	16	0.5489999999999999
4	25	0.97
4	120	0.649
4	119	0.38
4	32	0.377
4	116	0.26
4	55	0.28
4	108	0.41200000000000003
4	30	0.44299999999999995
4	60	0.39799999999999996
4	115	0.392
4	45	0.364
4	14	0.922
4	0	0.915
4	35	0.9129999999999999
4	105	0.508
4	103	0.27399999999999997
4	67	0.15
4	70	0.165
4	73	0.20600000000000002
4	15	0.358
4	95	0.414
4	37	0.654
4	64	0.171
4	18	0.718
4	38	0.45899999999999996
4	97	0.33899999999999997
4	107	0.935
4	33	0.507
4	29	0.52
4	50	0.205
4	7	0.975
4	24	0.27699999999999997
4	54	0.4
4	51	0.19899999999999998
4	9	0.501
4	81	0.16
4	69	0.171
4	26	0.946
4	96	0.385
4	113	0.254
4	56	0.504
4	72	0.252
4	68	0.16899999999999998
4	100	0.23399999999999999
4	12	0.575
4	48	0.473
4	10	0.971
4	83	0.252
4	19	0.27699999999999997
4	47	0.27699999999999997
4	77	0.727
4	2	0.9109999999999999
4	61	0.642
4	31	0.9359999999999999
4	34	0.5670000000000001
4	39	0.353
4	20	0.525
4	17	0.9309999999999999
4	1	0.91
4	117	0.23
4	36	0.7
4	102	0.249
4	84	0.956
4	28	0.9209999999999999
4	11	0.9390000000000001
4	43	0.723
4	5	0.945
4	93	0.18600000000000003
5	97	0.271
5	12	0.515
5	17	0.981
5	26	0.983
5	92	0.159
5	38	0.395
5	55	0.16899999999999998
5	96	0.34700000000000003
5	82	0.25
5	45	0.345
5	56	0.674
5	2	0.9309999999999999
5	40	0.38
5	108	0.602
5	105	0.503
5	91	0.9359999999999999
5	19	0.25
5	22	0.955
5	31	0.948
5	58	0.21
5	111	0.439
5	75	0.24100000000000002
5	47	0.256
5	11	0.9390000000000001
5	43	0.33899999999999997
5	81	0.514
5	39	0.29
5	13	0.168
5	0	0.9329999999999999
5	77	0.6890000000000001
5	53	0.183
5	10	0.963
5	8	0.9670000000000001
5	4	0.945
5	25	0.956
5	28	0.9390000000000001
5	93	0.151
5	36	0.307
5	1	0.9309999999999999
5	54	0.32799999999999996
5	24	0.504
5	113	0.193
5	32	0.297
5	86	0.531
5	73	0.375
5	116	0.27
5	63	0.462
5	119	0.442
5	84	0.9690000000000001
5	30	0.408
5	48	0.493
5	61	0.215
5	23	0.171
5	14	0.948
5	15	0.387
5	3	0.938
5	102	0.24600000000000002
5	27	0.39
5	103	0.16899999999999998
5	42	0.366
5	83	0.243
5	115	0.248
5	29	0.505
5	60	0.354
5	72	0.19
5	20	0.531
5	7	0.9540000000000001
5	6	0.305
5	33	0.491
5	46	0.20600000000000002
5	74	0.161
5	35	0.9109999999999999
5	16	0.436
5	37	0.545
5	21	0.408
5	34	0.48100000000000004
5	107	0.9470000000000001
5	9	0.408
5	18	0.5429999999999999
5	106	0.17600000000000002
5	120	0.493
5	95	0.406
6	16	0.159
6	31	0.23800000000000002
6	40	0.243
6	4	0.29100000000000004
6	120	0.348
6	43	0.27699999999999997
6	0	0.594
6	97	0.304
6	60	0.304
6	18	0.34700000000000003
6	106	0.27399999999999997
6	10	0.321
6	30	0.171
6	22	0.27699999999999997
6	102	0.163
6	33	0.193
6	84	0.665
6	69	0.16699999999999998
6	14	0.47
6	9	0.204
6	25	0.322
6	1	0.247
6	20	0.21100000000000002
6	54	0.18899999999999997
6	11	0.20600000000000002
6	3	0.483
6	107	0.341
6	26	0.345
6	8	0.34299999999999997
6	105	0.29
6	95	0.18600000000000003
6	63	0.171
6	91	0.205
6	5	0.305
6	24	0.239
6	39	0.159
6	29	0.204
6	119	0.215
6	34	0.23600000000000002
6	12	0.26
6	96	0.174
6	48	0.253
6	7	0.304
6	36	0.16
6	37	0.42200000000000004
6	17	0.23800000000000002
6	2	0.18100000000000002
6	32	0.18600000000000003
6	77	0.37799999999999995
6	21	0.242
6	38	0.18600000000000003
6	28	0.284
6	42	0.168
7	96	0.40700000000000003
7	35	0.9179999999999999
7	0	0.975
7	44	0.163
7	3	0.971
7	66	0.25
7	22	0.9570000000000001
7	25	0.9740000000000001
7	83	0.19
7	114	0.299
7	1	0.978
7	119	0.489
7	15	0.262
7	31	0.9420000000000001
7	73	0.27899999999999997
7	2	0.9740000000000001
7	12	0.654
7	117	0.19
7	72	0.24600000000000002
7	77	0.504
7	29	0.63
7	113	0.205
7	111	0.304
7	116	0.204
7	108	0.439
7	61	0.321
7	92	0.198
7	27	0.37200000000000005
7	115	0.23
7	62	0.2
7	36	0.34700000000000003
7	40	0.491
7	102	0.205
7	68	0.375
7	37	0.662
7	18	0.6629999999999999
7	19	0.305
7	118	0.151
7	67	0.446
7	84	0.9640000000000001
7	47	0.165
7	58	0.483
7	24	0.369
7	52	0.15
7	45	0.466
7	43	0.44799999999999995
7	21	0.496
7	56	0.6829999999999999
7	60	0.728
7	82	0.165
7	17	0.948
7	42	0.441
7	70	0.151
7	100	0.223
7	34	0.581
7	5	0.9540000000000001
7	28	0.9309999999999999
7	86	0.295
7	32	0.327
7	9	0.447
7	97	0.341
7	55	0.214
7	20	0.63
7	105	0.536
7	4	0.975
7	6	0.304
7	53	0.45899999999999996
7	14	0.956
7	39	0.349
7	63	0.325
7	88	0.42200000000000004
7	69	0.327
7	49	0.21100000000000002
7	120	0.531
7	91	0.977
7	10	0.986
7	106	0.243
7	54	0.442
7	8	0.972
7	30	0.441
7	16	0.609
7	95	0.40700000000000003
7	11	0.94
7	48	0.53
7	38	0.483
7	33	0.48
7	107	0.9640000000000001
7	26	0.953
8	6	0.34299999999999997
8	10	0.987
8	48	0.81
8	75	0.161
8	97	0.38
8	106	0.9359999999999999
8	100	0.284
8	30	0.503
8	24	0.505
8	69	0.43200000000000005
8	119	0.6579999999999999
8	72	0.408
8	11	0.9440000000000001
8	21	0.64
8	3	0.91
8	34	0.7090000000000001
8	93	0.228
8	62	0.304
8	19	0.307
8	9	0.63
8	95	0.512
8	85	0.153
8	60	0.8440000000000001
8	26	0.972
8	39	0.442
8	70	0.20600000000000002
8	47	0.248
8	28	0.938
8	27	0.442
8	92	0.27699999999999997
8	120	0.705
8	96	0.462
8	16	0.6679999999999999
8	111	0.501
8	103	0.215
8	67	0.27699999999999997
8	115	0.307
8	113	0.40700000000000003
8	116	0.25
8	7	0.972
8	13	0.2
8	49	0.203
8	54	0.575
8	45	0.58
8	83	0.366
8	61	0.41700000000000004
8	17	0.955
8	44	0.163
8	86	0.424
8	52	0.214
8	5	0.9670000000000001
8	80	0.27
8	88	0.622
8	58	0.37799999999999995
8	117	0.252
8	40	0.774
8	33	0.5760000000000001
8	25	0.986
8	18	0.7879999999999999
8	37	0.763
8	73	0.187
8	105	0.706
8	90	0.163
8	14	0.9109999999999999
8	22	0.961
8	12	0.753
8	64	0.16899999999999998
8	53	0.41
8	82	0.215
8	66	0.23399999999999999
8	102	0.28
8	43	0.551
8	2	0.917
8	4	0.912
8	31	0.941
8	91	0.977
8	42	0.625
8	15	0.456
8	77	0.8009999999999999
8	107	0.97
8	55	0.27699999999999997
8	29	0.659
8	68	0.221
8	38	0.526
8	32	0.354
8	63	0.345
8	20	0.7140000000000001
8	36	0.504
8	81	0.255
8	1	0.977
8	84	0.9640000000000001
8	35	0.917
8	108	0.948
8	0	0.9109999999999999
8	56	0.653
8	114	0.165
9	31	0.256
9	56	0.821
9	42	0.995
9	0	0.355
9	13	0.894
9	3	0.509
9	55	0.723
9	107	0.925
9	102	0.6970000000000001
9	29	0.573
9	51	0.297
9	48	0.9670000000000001
9	4	0.501
9	91	0.441
9	82	0.508
9	8	0.63
9	68	0.214
9	77	0.951
9	83	0.895
9	66	0.369
9	61	0.879
9	97	0.8140000000000001
9	104	0.304
9	106	0.701
9	36	0.965
9	72	0.7070000000000001
9	41	0.349
9	108	0.825
9	96	0.40299999999999997
9	5	0.408
9	115	0.691
9	10	0.737
9	46	0.48200000000000004
9	24	0.8240000000000001
9	57	0.19899999999999998
9	52	0.349
9	12	0.6779999999999999
9	37	0.73
9	58	0.54
9	2	0.613
9	40	0.8270000000000001
9	67	0.292
9	93	0.633
9	34	0.743
9	21	0.53
9	44	0.28600000000000003
9	89	0.28
9	25	0.826
9	32	0.272
9	92	0.4
9	62	0.483
9	81	0.47
9	110	0.161
9	70	0.282
9	53	0.78
9	69	0.6579999999999999
9	26	0.505
9	1	0.305
9	39	0.8809999999999999
9	113	0.996
9	90	0.375
9	103	0.718
9	14	0.662
9	27	0.369
9	54	0.736
9	100	0.308
9	16	0.409
9	64	0.43200000000000005
9	111	0.8220000000000001
9	50	0.196
9	117	0.424
9	28	0.28
9	17	0.504
9	47	0.446
9	98	0.304
9	73	0.7340000000000001
9	15	0.515
9	116	0.441
9	120	0.968
9	43	0.894
9	49	0.239
9	7	0.447
9	6	0.204
9	84	0.63
9	30	0.447
9	19	0.28600000000000003
9	60	0.8240000000000001
9	45	0.7809999999999999
9	119	0.995
9	78	0.22399999999999998
9	87	0.19699999999999998
9	63	0.631
9	33	0.424
9	74	0.2
9	95	0.644
9	86	0.373
9	88	0.162
9	22	0.5870000000000001
9	76	0.42200000000000004
9	75	0.294
9	71	0.228
9	85	0.215
9	20	0.575
9	38	0.409
9	18	0.9159999999999999
9	109	0.15
9	105	0.955
9	11	0.294
9	23	0.386
10	1	0.914
10	24	0.5720000000000001
10	43	0.835
10	41	0.187
10	31	0.941
10	62	0.341
10	95	0.644
10	27	0.541
10	83	0.34299999999999997
10	56	0.843
10	23	0.205
10	35	0.9109999999999999
10	116	0.364
10	42	0.708
10	102	0.34299999999999997
10	19	0.33299999999999996
10	22	0.965
10	75	0.22899999999999998
10	37	0.85
10	92	0.37200000000000005
10	44	0.2
10	111	0.578
10	113	0.41200000000000003
10	20	0.71
10	66	0.331
10	34	0.978
10	36	0.653
10	26	0.963
10	93	0.228
10	9	0.737
10	30	0.504
10	51	0.215
10	33	0.609
10	58	0.8009999999999999
10	70	0.25
10	21	0.6940000000000001
10	96	0.5529999999999999
10	59	0.29
10	53	0.524
10	114	0.442
10	87	0.207
10	118	0.183
10	108	0.65
10	72	0.5489999999999999
10	49	0.235
10	76	0.249
10	2	0.971
10	8	0.987
10	85	0.151
10	32	0.366
10	97	0.489
10	88	0.529
10	84	0.9690000000000001
10	60	0.889
10	12	0.857
10	63	0.44
10	48	0.866
10	55	0.364
10	40	0.7170000000000001
10	82	0.304
10	105	0.9179999999999999
10	4	0.971
10	14	0.977
10	86	0.41600000000000004
10	5	0.963
10	38	0.5589999999999999
10	16	0.7929999999999999
10	61	0.581
10	117	0.361
10	39	0.512
10	25	0.9940000000000001
10	52	0.27699999999999997
10	120	0.833
10	73	0.151
10	100	0.39399999999999996
10	7	0.986
10	119	0.8370000000000001
10	67	0.442
10	28	0.938
10	90	0.165
10	115	0.40700000000000003
10	64	0.23800000000000002
10	6	0.321
10	54	0.7020000000000001
10	18	0.893
10	68	0.39
10	46	0.22899999999999998
10	91	0.9740000000000001
10	107	0.981
10	15	0.703
10	0	0.972
10	29	0.7140000000000001
10	17	0.9590000000000001
10	106	0.69
10	77	0.9
10	81	0.32899999999999996
10	13	0.187
10	103	0.28
10	45	0.723
10	3	0.968
10	69	0.5770000000000001
10	47	0.325
10	11	0.948
10	98	0.159
11	8	0.9440000000000001
11	7	0.94
11	42	0.165
11	24	0.215
11	31	0.938
11	105	0.54
11	119	0.23399999999999999
11	26	0.9329999999999999
11	62	0.17300000000000001
11	30	0.28800000000000003
11	40	0.214
11	25	0.943
11	16	0.426
11	37	0.45799999999999996
11	54	0.685
11	84	0.9440000000000001
11	20	0.34299999999999997
11	14	0.9420000000000001
11	27	0.21600000000000003
11	92	0.157
11	9	0.294
11	91	0.932
11	19	0.171
11	10	0.948
11	18	0.498
11	33	0.312
11	96	0.597
11	4	0.9390000000000001
11	56	0.252
11	22	0.938
11	120	0.588
11	45	0.20600000000000002
11	95	0.27699999999999997
11	108	0.215
11	0	0.9279999999999999
11	97	0.17
11	21	0.316
11	77	0.397
11	35	0.9079999999999999
11	5	0.9390000000000001
11	48	0.312
11	17	0.9309999999999999
11	2	0.927
11	3	0.9309999999999999
11	34	0.369
11	63	0.166
11	102	0.162
11	43	0.282
11	60	0.523
11	1	0.925
11	39	0.23
11	36	0.168
11	32	0.231
11	12	0.41700000000000004
11	6	0.20600000000000002
11	107	0.935
11	28	0.925
11	38	0.33
11	29	0.38
11	61	0.161
12	7	0.654
12	38	0.154
12	5	0.515
12	100	0.247
12	23	0.153
12	26	0.58
12	119	0.6709999999999999
12	75	0.485
12	0	0.496
12	76	0.285
12	67	0.204
12	4	0.575
12	17	0.491
12	25	0.33799999999999997
12	69	0.441
12	20	0.642
12	116	0.244
12	103	0.409
12	2	0.345
12	81	0.307
12	42	0.638
12	48	0.71
12	90	0.153
12	45	0.585
12	77	0.848
12	6	0.26
12	61	0.63
12	16	0.27399999999999997
12	3	0.695
12	62	0.294
12	72	0.504
12	83	0.305
12	10	0.857
12	96	0.47200000000000003
12	92	0.304
12	24	0.483
12	107	0.87
12	58	0.639
12	93	0.20600000000000002
12	78	0.221
12	14	0.6990000000000001
12	113	0.369
12	36	0.642
12	43	0.889
12	47	0.20600000000000002
12	55	0.304
12	86	0.31
12	34	0.184
12	39	0.45299999999999996
12	22	0.65
12	11	0.41700000000000004
12	66	0.922
12	115	0.242
12	31	0.408
12	53	0.342
12	21	0.209
12	1	0.392
12	60	0.65
12	73	0.27699999999999997
12	49	0.21100000000000002
12	54	0.53
12	102	0.314
12	84	0.662
12	9	0.6779999999999999
12	91	0.413
12	63	0.29
12	33	0.27899999999999997
12	18	0.499
12	87	0.151
12	95	0.56
12	120	0.759
12	40	0.6609999999999999
12	37	0.94
12	15	0.958
12	68	0.15
12	111	0.531
12	97	0.442
12	117	0.33399999999999996
12	82	0.27699999999999997
12	28	0.313
12	118	0.151
12	108	0.49700000000000005
12	105	0.747
12	8	0.753
12	106	0.9359999999999999
12	56	0.662
13	61	0.37
13	117	0.24100000000000002
13	72	0.44799999999999995
13	105	0.493
13	37	0.22699999999999998
13	8	0.2
13	93	0.5760000000000001
13	54	0.282
13	48	0.552
13	10	0.187
13	24	0.49700000000000005
13	58	0.312
13	21	0.19899999999999998
13	42	0.54
13	62	0.442
13	84	0.69
13	53	0.319
13	113	0.9229999999999999
13	43	0.682
13	64	0.34299999999999997
13	2	0.16899999999999998
13	102	0.44
13	66	0.19699999999999998
13	92	0.21
13	39	0.63
13	45	0.365
13	83	0.982
13	91	0.4
13	63	0.544
13	9	0.894
13	89	0.193
13	14	0.20600000000000002
13	5	0.168
13	69	0.44
13	55	0.66
13	40	0.34299999999999997
13	77	0.629
13	56	0.19899999999999998
13	119	0.674
13	27	0.165
13	111	0.58
13	98	0.163
13	73	0.9640000000000001
13	97	0.48
13	115	0.19
13	106	0.22699999999999998
13	103	0.455
13	22	0.196
13	107	0.48
13	108	0.182
13	25	0.27699999999999997
13	60	0.493
13	101	0.396
13	41	0.228
13	36	0.9840000000000001
13	120	0.82
13	18	0.44
13	81	0.165
13	114	0.19699999999999998
13	90	0.599
14	32	0.34
14	86	0.23
14	103	0.36700000000000005
14	93	0.304
14	25	0.981
14	91	0.9059999999999999
14	26	0.941
14	9	0.662
14	50	0.256
14	31	0.9309999999999999
14	24	0.408
14	96	0.447
14	64	0.271
14	77	0.726
14	30	0.442
14	18	0.845
14	106	0.9309999999999999
14	54	0.53
14	100	0.32799999999999996
14	49	0.15
14	11	0.9420000000000001
14	120	0.9229999999999999
14	5	0.948
14	34	0.667
14	58	0.379
14	111	0.40700000000000003
14	83	0.33799999999999997
14	40	0.628
14	61	0.613
14	41	0.151
14	47	0.337
14	6	0.47
14	1	0.9490000000000001
14	60	0.531
14	16	0.5479999999999999
14	20	0.531
14	13	0.20600000000000002
14	113	0.365
14	118	0.275
14	70	0.215
14	82	0.163
14	108	0.9540000000000001
14	43	0.907
14	119	0.546
14	7	0.956
14	21	0.649
14	33	0.42
14	36	0.63
14	78	0.157
14	71	0.27
14	23	0.23199999999999998
14	73	0.185
14	109	0.21
14	28	0.929
14	115	0.491
14	3	0.983
14	55	0.366
14	12	0.6990000000000001
14	98	0.18100000000000002
14	101	0.185
14	29	0.525
14	92	0.363
14	39	0.499
14	56	0.84
14	44	0.221
14	10	0.977
14	62	0.614
14	22	0.9790000000000001
14	8	0.9109999999999999
14	69	0.32299999999999995
14	63	0.442
14	0	0.9590000000000001
14	66	0.235
14	105	0.705
14	85	0.16699999999999998
14	37	0.768
14	17	0.938
14	42	0.574
14	27	0.41
14	19	0.27699999999999997
14	72	0.414
14	107	0.983
14	67	0.159
14	4	0.922
14	102	0.38
14	87	0.165
14	95	0.444
14	90	0.27
14	81	0.20600000000000002
14	51	0.342
14	38	0.45799999999999996
14	2	0.905
14	116	0.364
14	97	0.682
14	74	0.17300000000000001
14	15	0.45
14	45	0.442
14	35	0.9129999999999999
14	84	0.961
14	117	0.397
14	53	0.26
14	48	0.63
14	89	0.214
15	1	0.261
15	9	0.515
15	3	0.217
15	42	0.455
15	32	0.15
15	111	0.44
15	77	0.78
15	95	0.42
15	45	0.37799999999999995
15	97	0.27699999999999997
15	24	0.262
15	0	0.21100000000000002
15	40	0.496
15	100	0.24600000000000002
15	43	0.8390000000000001
15	56	0.486
15	18	0.19399999999999998
15	28	0.39399999999999996
15	74	0.177
15	25	0.17300000000000001
15	4	0.358
15	84	0.42
15	7	0.262
15	48	0.518
15	31	0.19
15	113	0.226
15	39	0.23399999999999999
15	91	0.20600000000000002
15	5	0.387
15	55	0.151
15	34	0.16399999999999998
15	119	0.51
15	21	0.21
15	8	0.456
15	37	0.252
15	105	0.596
15	22	0.358
15	83	0.23
15	10	0.703
15	102	0.16399999999999998
15	73	0.355
15	14	0.45
15	60	0.52
15	107	0.7020000000000001
15	58	0.518
15	61	0.46
15	81	0.215
15	96	0.289
15	120	0.6629999999999999
15	54	0.287
15	53	0.21100000000000002
15	17	0.317
15	36	0.49700000000000005
15	12	0.958
15	106	0.273
15	72	0.341
15	2	0.171
15	108	0.19399999999999998
16	102	0.163
16	48	0.45
16	5	0.436
16	81	0.168
16	72	0.21100000000000002
16	82	0.151
16	8	0.6679999999999999
16	0	0.401
16	17	0.384
16	120	0.526
16	40	0.433
16	63	0.205
16	56	0.305
16	119	0.40700000000000003
16	28	0.165
16	7	0.609
16	111	0.28600000000000003
16	4	0.5489999999999999
16	18	0.45
16	54	0.304
16	107	0.607
16	43	0.444
16	24	0.28600000000000003
16	60	0.348
16	11	0.426
16	21	0.237
16	9	0.409
16	36	0.306
16	84	0.491
16	29	0.504
16	61	0.37200000000000005
16	55	0.23600000000000002
16	3	0.46
16	26	0.467
16	117	0.188
16	12	0.27399999999999997
16	6	0.159
16	77	0.45
16	97	0.27699999999999997
16	83	0.187
16	38	0.262
16	2	0.441
16	33	0.21899999999999997
16	39	0.32
16	31	0.424
16	58	0.21100000000000002
16	45	0.35100000000000003
16	14	0.5479999999999999
16	10	0.7929999999999999
16	53	0.171
16	42	0.408
16	22	0.498
16	106	0.254
16	93	0.163
16	67	0.151
16	62	0.182
16	91	0.409
16	66	0.15
16	105	0.451
16	113	0.282
16	86	0.21100000000000002
16	69	0.2
16	95	0.157
16	103	0.253
16	1	0.47100000000000003
16	25	0.231
16	108	0.249
16	37	0.28300000000000003
17	5	0.981
17	61	0.161
17	11	0.9309999999999999
17	78	0.20600000000000002
17	74	0.205
17	120	0.44299999999999995
17	15	0.317
17	90	0.27699999999999997
17	82	0.282
17	63	0.24100000000000002
17	53	0.215
17	19	0.215
17	30	0.306
17	56	0.379
17	73	0.33899999999999997
17	100	0.322
17	86	0.379
17	23	0.21
17	69	0.18600000000000003
17	22	0.9109999999999999
17	116	0.23
17	25	0.961
17	107	0.9470000000000001
17	33	0.39
17	105	0.504
17	119	0.501
17	77	0.499
17	27	0.38
17	80	0.299
17	0	0.917
17	72	0.159
17	54	0.321
17	38	0.4
17	35	0.905
17	16	0.384
17	76	0.191
17	39	0.242
17	81	0.195
17	111	0.441
17	113	0.20600000000000002
17	6	0.23800000000000002
17	97	0.27699999999999997
17	9	0.504
17	79	0.175
17	10	0.9590000000000001
17	45	0.36700000000000005
17	43	0.305
17	58	0.2
17	18	0.153
17	20	0.579
17	24	0.504
17	34	0.473
17	26	0.9440000000000001
17	12	0.491
17	29	0.5770000000000001
17	31	0.955
17	106	0.217
17	8	0.955
17	40	0.384
17	1	0.9129999999999999
17	7	0.948
17	75	0.161
17	37	0.153
17	102	0.213
17	62	0.19
17	91	0.929
17	84	0.97
17	83	0.254
17	60	0.39799999999999996
17	42	0.365
17	4	0.9309999999999999
17	103	0.542
17	108	0.319
17	96	0.408
17	36	0.242
17	48	0.531
17	28	0.95
17	14	0.938
17	44	0.248
17	2	0.922
17	32	0.27
17	95	0.441
17	3	0.925
18	48	0.9109999999999999
18	53	0.4
18	117	0.45899999999999996
18	31	0.408
18	103	0.695
18	42	0.7340000000000001
18	12	0.499
18	4	0.718
18	14	0.845
18	36	0.826
18	115	0.426
18	20	0.6609999999999999
18	1	0.519
18	62	0.536
18	29	0.6679999999999999
18	113	0.503
18	3	0.851
18	8	0.7879999999999999
18	73	0.258
18	111	0.5760000000000001
18	15	0.19399999999999998
18	119	0.78
18	75	0.16899999999999998
18	13	0.44
18	109	0.159
18	49	0.162
18	46	0.359
18	6	0.34700000000000003
18	52	0.161
18	106	0.938
18	101	0.512
18	76	0.21100000000000002
18	70	0.24
18	25	0.948
18	16	0.45
18	85	0.248
18	58	0.495
18	97	0.8220000000000001
18	92	0.575
18	96	0.664
18	108	0.961
18	61	0.6809999999999999
18	100	0.179
18	22	0.6970000000000001
18	43	0.929
18	33	0.517
18	69	0.44
18	47	0.305
18	89	0.408
18	95	0.575
18	55	0.446
18	118	0.151
18	28	0.34299999999999997
18	11	0.498
18	93	0.639
18	9	0.9159999999999999
18	105	0.9309999999999999
18	51	0.271
18	54	0.828
18	64	0.441
18	56	0.883
18	120	0.9740000000000001
18	83	0.491
18	50	0.19899999999999998
18	23	0.20600000000000002
18	98	0.195
18	81	0.35600000000000004
18	104	0.163
18	86	0.34299999999999997
18	26	0.574
18	91	0.5720000000000001
18	99	0.152
18	7	0.6629999999999999
18	60	0.848
18	71	0.213
18	41	0.276
18	5	0.5429999999999999
18	84	0.7490000000000001
18	68	0.171
18	19	0.408
18	63	0.639
18	77	0.946
18	40	0.898
18	90	0.38799999999999996
18	102	0.584
18	0	0.519
18	32	0.6629999999999999
18	21	0.268
18	44	0.165
18	80	0.15
18	87	0.754
18	88	0.49200000000000005
18	116	0.445
18	37	0.252
18	82	0.304
18	39	0.82
18	45	0.66
18	17	0.153
18	27	0.574
18	2	0.493
18	67	0.215
18	35	0.602
18	10	0.893
18	107	0.9359999999999999
18	24	0.795
18	72	0.5489999999999999
18	74	0.212
18	66	0.305
19	4	0.27699999999999997
19	42	0.48
19	31	0.24600000000000002
19	120	0.306
19	54	0.185
19	108	0.16
19	5	0.25
19	77	0.321
19	9	0.28600000000000003
19	18	0.408
19	40	0.765
19	14	0.27699999999999997
19	27	0.275
19	7	0.305
19	116	0.19399999999999998
19	56	0.215
19	32	0.342
19	30	0.185
19	11	0.171
19	22	0.304
19	91	0.205
19	97	0.16699999999999998
19	29	0.408
19	17	0.215
19	96	0.483
19	10	0.33299999999999996
19	115	0.161
19	105	0.304
19	0	0.18100000000000002
19	106	0.20600000000000002
19	84	0.258
19	119	0.27699999999999997
19	2	0.23600000000000002
19	28	0.247
19	45	0.161
19	113	0.16899999999999998
19	3	0.21
19	8	0.307
19	107	0.40700000000000003
19	81	0.22899999999999998
19	111	0.165
19	34	0.154
19	48	0.738
19	72	0.188
19	60	0.231
19	24	0.215
19	43	0.2
20	40	0.8240000000000001
20	66	0.19899999999999998
20	92	0.21100000000000002
20	107	0.628
20	28	0.5720000000000001
20	8	0.7140000000000001
20	11	0.34299999999999997
20	36	0.33799999999999997
20	6	0.21100000000000002
20	82	0.39399999999999996
20	84	0.628
20	86	0.188
20	29	0.22899999999999998
20	72	0.43200000000000005
20	7	0.63
20	119	0.505
20	0	0.52
20	63	0.16699999999999998
20	18	0.6609999999999999
20	111	0.39799999999999996
20	1	0.26
20	58	0.21100000000000002
20	43	0.436
20	21	0.163
20	95	0.491
20	97	0.342
20	22	0.6579999999999999
20	31	0.574
20	25	0.156
20	54	0.40700000000000003
20	5	0.531
20	99	0.374
20	83	0.29
20	30	0.6579999999999999
20	73	0.16699999999999998
20	116	0.39799999999999996
20	33	0.151
20	87	0.159
20	120	0.579
20	113	0.305
20	9	0.575
20	105	0.6579999999999999
20	56	0.504
20	24	0.441
20	41	0.24
20	53	0.18100000000000002
20	37	0.174
20	4	0.525
20	55	0.21
20	81	0.151
20	60	0.447
20	108	0.442
20	12	0.642
20	39	0.342
20	91	0.366
20	115	0.252
20	69	0.185
20	61	0.304
20	102	0.16899999999999998
20	75	0.21100000000000002
20	103	0.183
20	77	0.7140000000000001
20	48	0.862
20	34	0.184
20	10	0.71
20	27	0.5329999999999999
20	45	0.379
20	26	0.647
20	106	0.258
20	117	0.151
20	3	0.44
20	96	0.7020000000000001
20	51	0.2
20	23	0.151
20	2	0.48700000000000004
20	17	0.579
20	14	0.531
20	42	0.6629999999999999
20	47	0.156
21	117	0.294
21	25	0.177
21	87	0.17600000000000002
21	120	0.614
21	40	0.7170000000000001
21	55	0.28
21	0	0.381
21	62	0.21
21	34	0.193
21	26	0.45
21	108	0.314
21	95	0.501
21	105	0.5539999999999999
21	97	0.341
21	77	0.586
21	56	0.426
21	119	0.493
21	3	0.517
21	22	0.51
21	1	0.44
21	31	0.366
21	63	0.312
21	106	0.257
21	92	0.228
21	91	0.424
21	72	0.331
21	4	0.562
21	83	0.321
21	103	0.225
21	6	0.242
21	35	0.156
21	69	0.23399999999999999
21	18	0.268
21	10	0.6940000000000001
21	16	0.237
21	45	0.382
21	116	0.215
21	48	0.579
21	13	0.19899999999999998
21	12	0.209
21	7	0.496
21	93	0.27699999999999997
21	42	0.53
21	14	0.649
21	2	0.408
21	64	0.151
21	102	0.313
21	39	0.419
21	74	0.33899999999999997
21	107	0.685
21	27	0.152
21	100	0.18899999999999997
21	28	0.304
21	115	0.204
21	53	0.275
21	8	0.64
21	24	0.40700000000000003
21	9	0.53
21	54	0.408
21	37	0.187
21	96	0.46799999999999997
21	58	0.34700000000000003
21	111	0.332
21	32	0.184
21	60	0.444
21	43	0.503
21	15	0.21
21	29	0.15
21	20	0.163
21	73	0.171
21	88	0.257
21	81	0.28600000000000003
21	61	0.39899999999999997
21	113	0.341
21	90	0.38299999999999995
21	36	0.406
21	86	0.341
21	84	0.574
21	5	0.408
21	80	0.38
21	11	0.316
22	96	0.439
22	37	0.6709999999999999
22	10	0.965
22	91	0.929
22	24	0.408
22	29	0.63
22	44	0.34299999999999997
22	36	0.45299999999999996
22	43	0.8340000000000001
22	72	0.615
22	55	0.27699999999999997
22	0	0.965
22	71	0.27699999999999997
22	77	0.636
22	106	0.27699999999999997
22	34	0.535
22	66	0.20600000000000002
22	8	0.961
22	85	0.154
22	7	0.9570000000000001
22	48	0.5760000000000001
22	28	0.938
22	6	0.27699999999999997
22	70	0.271
22	83	0.23800000000000002
22	2	0.927
22	21	0.51
22	120	0.8290000000000001
22	63	0.21100000000000002
22	86	0.245
22	84	0.955
22	47	0.491
22	53	0.205
22	9	0.5870000000000001
22	105	0.773
22	108	0.63
22	109	0.235
22	119	0.489
22	38	0.45
22	19	0.304
22	35	0.922
22	58	0.28800000000000003
22	26	0.9640000000000001
22	115	0.57
22	113	0.24
22	107	0.9790000000000001
22	69	0.25
22	92	0.205
22	13	0.196
22	42	0.442
22	40	0.504
22	15	0.358
22	11	0.938
22	50	0.266
22	31	0.948
22	117	0.267
22	41	0.19399999999999998
22	49	0.215
22	93	0.18600000000000003
22	61	0.5770000000000001
22	116	0.304
22	103	0.205
22	3	0.97
22	101	0.17
22	39	0.342
22	23	0.17600000000000002
22	12	0.65
22	14	0.9790000000000001
22	67	0.205
22	51	0.271
22	54	0.44299999999999995
22	97	0.63
22	16	0.498
22	25	0.971
22	17	0.9109999999999999
22	33	0.527
22	110	0.15
22	95	0.424
22	32	0.408
22	56	0.664
22	82	0.245
22	81	0.22699999999999998
22	1	0.943
22	4	0.9590000000000001
22	27	0.42200000000000004
22	118	0.29
22	20	0.6579999999999999
22	18	0.6970000000000001
22	100	0.273
22	102	0.23800000000000002
22	60	0.524
22	62	0.18100000000000002
22	30	0.442
22	45	0.40700000000000003
22	5	0.955
22	111	0.368
22	46	0.266
23	45	0.634
23	82	0.706
23	40	0.261
23	36	0.239
23	54	0.27699999999999997
23	53	0.225
23	12	0.153
23	29	0.18100000000000002
23	78	0.268
23	81	0.41200000000000003
23	120	0.39799999999999996
23	18	0.20600000000000002
23	17	0.21
23	43	0.21
23	22	0.17600000000000002
23	24	0.63
23	106	0.257
23	37	0.183
23	5	0.171
23	97	0.52
23	76	0.773
23	14	0.23199999999999998
23	107	0.239
23	9	0.386
23	86	0.396
23	84	0.163
23	69	0.187
23	10	0.205
23	111	0.36700000000000005
23	48	0.672
23	119	0.716
23	46	0.165
23	26	0.20800000000000002
23	75	0.703
23	56	0.345
23	25	0.24100000000000002
23	20	0.151
23	49	0.237
23	105	0.495
23	80	0.42200000000000004
23	115	0.27
23	72	0.152
23	79	0.242
23	60	0.307
23	108	0.313
23	77	0.5379999999999999
23	42	0.276
24	82	0.66
24	52	0.19899999999999998
24	5	0.504
24	44	0.151
24	7	0.369
24	79	0.284
24	119	0.938
24	29	0.44299999999999995
24	67	0.161
24	43	0.629
24	66	0.247
24	45	0.838
24	80	0.924
24	120	0.892
24	77	0.981
24	40	0.706
24	70	0.159
24	54	0.63
24	2	0.37200000000000005
24	61	0.441
24	16	0.28600000000000003
24	18	0.795
24	106	0.696
24	78	0.23800000000000002
24	58	0.44
24	53	0.502
24	23	0.63
24	103	0.275
24	83	0.505
24	69	0.504
24	31	0.28
24	47	0.28
24	74	0.925
24	90	0.319
24	94	0.271
24	19	0.215
24	93	0.345
24	13	0.49700000000000005
24	92	0.305
24	87	0.19699999999999998
24	96	0.327
24	108	0.573
24	12	0.483
24	22	0.408
24	56	0.6579999999999999
24	102	0.639
24	9	0.8240000000000001
24	42	0.746
24	64	0.25
24	20	0.441
24	84	0.708
24	34	0.659
24	75	0.551
24	35	0.205
24	86	0.978
24	76	0.516
24	14	0.408
24	46	0.35
24	51	0.161
24	55	0.364
24	6	0.239
24	113	0.63
24	21	0.40700000000000003
24	62	0.312
24	27	0.28600000000000003
24	115	0.305
24	8	0.505
24	10	0.5720000000000001
24	116	0.254
24	4	0.27699999999999997
24	11	0.215
24	111	0.703
24	30	0.159
24	37	0.513
24	26	0.505
24	81	0.935
24	48	0.9279999999999999
24	107	0.705
24	33	0.297
24	28	0.204
24	105	0.83
24	73	0.38
24	117	0.34299999999999997
24	39	0.48100000000000004
24	15	0.262
24	99	0.155
24	60	0.727
24	63	0.44299999999999995
24	36	0.629
24	91	0.503
24	25	0.7879999999999999
24	72	0.48100000000000004
24	17	0.504
24	97	0.715
24	49	0.16899999999999998
24	3	0.254
24	95	0.33399999999999996
24	38	0.213
25	106	0.556
25	45	0.705
25	7	0.9740000000000001
25	18	0.948
25	43	0.882
25	15	0.17300000000000001
25	72	0.63
25	63	0.48100000000000004
25	69	0.491
25	102	0.41
25	21	0.177
25	27	0.637
25	47	0.256
25	117	0.336
25	66	0.32
25	86	0.374
25	97	0.589
25	39	0.612
25	81	0.34700000000000003
25	87	0.25
25	92	0.447
25	55	0.44299999999999995
25	38	0.161
25	56	0.846
25	31	0.9420000000000001
25	93	0.325
25	61	0.634
25	85	0.187
25	53	0.441
25	54	0.83
25	34	0.183
25	90	0.242
25	9	0.826
25	12	0.33799999999999997
25	42	0.826
25	67	0.34
25	107	0.9940000000000001
25	14	0.981
25	58	0.742
25	68	0.27699999999999997
25	20	0.156
25	36	0.703
25	120	0.9329999999999999
25	115	0.342
25	75	0.258
25	119	0.825
25	11	0.943
25	37	0.179
25	28	0.937
25	116	0.37200000000000005
25	88	0.515
25	77	0.9159999999999999
25	49	0.231
25	0	0.9420000000000001
25	52	0.15
25	84	0.978
25	48	0.892
25	3	0.9640000000000001
25	70	0.18899999999999997
25	103	0.33799999999999997
25	1	0.948
25	96	0.648
25	23	0.24100000000000002
25	108	0.579
25	59	0.299
25	98	0.171
25	89	0.188
25	17	0.961
25	64	0.303
25	114	0.546
25	95	0.17
25	26	0.9179999999999999
25	46	0.152
25	113	0.531
25	24	0.7879999999999999
25	51	0.256
25	16	0.231
25	82	0.364
25	13	0.27699999999999997
25	29	0.15
25	6	0.322
25	60	0.7490000000000001
25	73	0.278
25	83	0.47100000000000003
25	76	0.27
25	111	0.585
25	62	0.6779999999999999
25	2	0.955
25	105	0.917
25	35	0.91
25	71	0.159
25	8	0.986
25	91	0.986
25	40	0.8240000000000001
25	10	0.9940000000000001
25	22	0.971
25	5	0.956
25	30	0.152
25	4	0.97
26	113	0.215
26	32	0.27699999999999997
26	75	0.161
26	7	0.953
26	29	0.753
26	102	0.171
26	17	0.9440000000000001
26	54	0.345
26	53	0.228
26	82	0.28600000000000003
26	108	0.37200000000000005
26	24	0.505
26	11	0.9329999999999999
26	3	0.9390000000000001
26	63	0.15
26	97	0.256
26	10	0.963
26	77	0.493
26	38	0.495
26	61	0.21
26	40	0.41
26	34	0.48100000000000004
26	30	0.32899999999999996
26	25	0.9179999999999999
26	14	0.941
26	60	0.396
26	35	0.9159999999999999
26	66	0.152
26	8	0.972
26	1	0.9179999999999999
26	5	0.983
26	16	0.467
26	33	0.594
26	69	0.205
26	27	0.715
26	22	0.9640000000000001
26	18	0.574
26	37	0.213
26	56	0.39799999999999996
26	6	0.345
26	36	0.248
26	105	0.516
26	4	0.946
26	74	0.16899999999999998
26	81	0.21100000000000002
26	91	0.927
26	67	0.151
26	83	0.23199999999999998
26	72	0.162
26	111	0.442
26	21	0.45
26	58	0.19399999999999998
26	43	0.337
26	31	0.9520000000000001
26	120	0.47
26	0	0.946
26	28	0.935
26	42	0.369
26	119	0.491
26	48	0.5720000000000001
26	116	0.28300000000000003
26	90	0.192
26	95	0.44799999999999995
26	39	0.273
26	96	0.368
26	20	0.647
26	23	0.20800000000000002
26	106	0.23399999999999999
26	107	0.9470000000000001
26	86	0.342
26	12	0.58
26	84	0.971
26	9	0.505
26	45	0.38799999999999996
26	2	0.94
27	108	0.25
27	91	0.41600000000000004
27	119	0.38
27	28	0.276
27	24	0.28600000000000003
27	42	0.373
27	36	0.271
27	25	0.637
27	96	0.424
27	60	0.33899999999999997
27	40	0.41700000000000004
27	17	0.38
27	116	0.15
27	19	0.275
27	84	0.37799999999999995
27	13	0.165
27	5	0.39
27	63	0.16699999999999998
27	20	0.5329999999999999
27	48	0.659
27	0	0.249
27	77	0.39899999999999997
27	1	0.18100000000000002
27	105	0.44299999999999995
27	39	0.276
27	34	0.551
27	33	0.35200000000000004
27	95	0.595
27	90	0.21
27	4	0.364
27	113	0.20600000000000002
27	43	0.256
27	18	0.574
27	61	0.165
27	2	0.205
27	26	0.715
27	8	0.442
27	56	0.305
27	11	0.21600000000000003
27	83	0.185
27	102	0.151
27	92	0.15
27	22	0.42200000000000004
27	72	0.26
27	107	0.441
27	97	0.188
27	29	0.49700000000000005
27	3	0.34600000000000003
27	81	0.152
27	31	0.28800000000000003
27	35	0.215
27	7	0.37200000000000005
27	54	0.27699999999999997
27	120	0.442
27	45	0.235
27	32	0.33
27	14	0.41
27	21	0.152
27	58	0.159
27	9	0.369
27	30	0.39799999999999996
27	111	0.19
27	10	0.541
28	4	0.9209999999999999
28	45	0.24
28	7	0.9309999999999999
28	39	0.161
28	20	0.5720000000000001
28	83	0.273
28	5	0.9390000000000001
28	105	0.32299999999999995
28	107	0.9329999999999999
28	95	0.32299999999999995
28	96	0.27699999999999997
28	90	0.161
28	17	0.95
28	115	0.18600000000000003
28	111	0.22899999999999998
28	73	0.396
28	91	0.914
28	11	0.925
28	47	0.25
28	36	0.311
28	24	0.204
28	116	0.29
28	21	0.304
28	37	0.33
28	38	0.275
28	25	0.937
28	60	0.25
28	8	0.938
28	102	0.151
28	33	0.276
28	77	0.321
28	22	0.938
28	84	0.9359999999999999
28	9	0.28
28	2	0.915
28	3	0.9109999999999999
28	48	0.345
28	43	0.221
28	26	0.935
28	27	0.276
28	6	0.284
28	35	0.9159999999999999
28	61	0.185
28	29	0.441
28	113	0.23399999999999999
28	31	0.941
28	56	0.639
28	1	0.909
28	97	0.161
28	63	0.15
28	119	0.304
28	18	0.34299999999999997
28	32	0.19
28	0	0.91
28	40	0.365
28	12	0.313
28	14	0.929
28	81	0.15
28	16	0.165
28	34	0.408
28	72	0.28600000000000003
28	19	0.247
28	120	0.32299999999999995
28	15	0.39399999999999996
28	108	0.341
28	30	0.27699999999999997
28	42	0.34299999999999997
28	10	0.938
28	54	0.254
29	22	0.63
29	102	0.18100000000000002
29	120	0.574
29	119	0.531
29	36	0.319
29	18	0.6679999999999999
29	14	0.525
29	31	0.531
29	17	0.5770000000000001
29	56	0.495
29	116	0.321
29	53	0.187
29	25	0.15
29	47	0.151
29	97	0.364
29	55	0.212
29	30	0.579
29	4	0.52
29	66	0.215
29	7	0.63
29	106	0.255
29	23	0.18100000000000002
29	82	0.364
29	95	0.44299999999999995
29	77	0.51
29	49	0.19399999999999998
29	111	0.41
29	21	0.15
29	11	0.38
29	103	0.204
29	54	0.4
29	61	0.312
29	1	0.321
29	75	0.159
29	6	0.204
29	115	0.205
29	92	0.205
29	72	0.379
29	69	0.21100000000000002
29	86	0.19399999999999998
29	63	0.19
29	19	0.408
29	108	0.442
29	3	0.441
29	48	0.8170000000000001
29	0	0.521
29	28	0.441
29	107	0.628
29	5	0.505
29	2	0.48700000000000004
29	96	0.703
29	40	0.659
29	76	0.17
29	105	0.659
29	60	0.47
29	27	0.49700000000000005
29	39	0.392
29	45	0.414
29	26	0.753
29	62	0.165
29	16	0.504
29	9	0.573
29	58	0.19899999999999998
29	35	0.16699999999999998
29	83	0.27699999999999997
29	24	0.44299999999999995
29	34	0.7090000000000001
29	91	0.34700000000000003
29	41	0.15
29	42	0.628
29	88	0.171
29	20	0.22899999999999998
29	84	0.63
29	99	0.374
29	117	0.161
29	81	0.161
29	51	0.16899999999999998
29	113	0.304
29	10	0.7140000000000001
29	8	0.659
29	43	0.408
30	97	0.242
30	32	0.444
30	82	0.16699999999999998
30	72	0.373
30	60	0.305
30	63	0.159
30	56	0.424
30	66	0.162
30	1	0.239
30	77	0.40700000000000003
30	83	0.215
30	27	0.39799999999999996
30	28	0.27699999999999997
30	6	0.171
30	51	0.237
30	31	0.375
30	29	0.579
30	19	0.185
30	96	0.287
30	75	0.213
30	3	0.38
30	81	0.23
30	40	0.6579999999999999
30	26	0.32899999999999996
30	43	0.327
30	4	0.44299999999999995
30	14	0.442
30	113	0.304
30	103	0.49200000000000005
30	105	0.442
30	48	0.6509999999999999
30	106	0.205
30	107	0.491
30	25	0.152
30	55	0.198
30	0	0.304
30	70	0.163
30	84	0.38799999999999996
30	22	0.442
30	54	0.304
30	120	0.43
30	119	0.305
30	108	0.298
30	111	0.24
30	24	0.159
30	45	0.27699999999999997
30	61	0.242
30	9	0.447
30	2	0.306
30	11	0.28800000000000003
30	20	0.6579999999999999
30	41	0.162
30	10	0.504
30	36	0.268
30	39	0.27699999999999997
30	38	0.154
30	5	0.408
30	17	0.306
30	116	0.40700000000000003
30	8	0.503
30	87	0.185
30	91	0.313
30	7	0.441
30	42	0.63
31	15	0.19
31	43	0.183
31	18	0.408
31	22	0.948
31	0	0.9209999999999999
31	105	0.325
31	60	0.239
31	83	0.159
31	33	0.39799999999999996
31	95	0.39399999999999996
31	1	0.927
31	42	0.239
31	37	0.44
31	40	0.252
31	38	0.40700000000000003
31	14	0.9309999999999999
31	91	0.927
31	84	0.955
31	16	0.424
31	9	0.256
31	45	0.183
31	6	0.23800000000000002
31	24	0.28
31	54	0.151
31	32	0.342
31	120	0.304
31	12	0.408
31	107	0.9329999999999999
31	28	0.941
31	77	0.27699999999999997
31	29	0.531
31	35	0.9109999999999999
31	3	0.9209999999999999
31	20	0.574
31	100	0.21100000000000002
31	119	0.306
31	10	0.941
31	25	0.9420000000000001
31	108	0.187
31	115	0.151
31	34	0.44299999999999995
31	30	0.375
31	17	0.955
31	36	0.151
31	56	0.304
31	27	0.28800000000000003
31	19	0.24600000000000002
31	2	0.92
31	26	0.9520000000000001
31	8	0.941
31	4	0.9359999999999999
31	113	0.165
31	11	0.938
31	48	0.364
31	96	0.307
31	7	0.9420000000000001
31	5	0.948
31	21	0.366
31	66	0.18600000000000003
31	111	0.35100000000000003
32	84	0.34700000000000003
32	14	0.34
32	6	0.18600000000000003
32	5	0.297
32	0	0.24100000000000002
32	60	0.151
32	19	0.342
32	111	0.171
32	77	0.24100000000000002
32	56	0.19899999999999998
32	54	0.157
32	36	0.19399999999999998
32	96	0.187
32	21	0.184
32	31	0.342
32	22	0.408
32	42	0.204
32	61	0.19
32	15	0.15
32	11	0.231
32	7	0.327
32	17	0.27
32	97	0.151
32	120	0.28600000000000003
32	26	0.27699999999999997
32	28	0.19
32	9	0.272
32	48	0.56
32	113	0.163
32	119	0.19899999999999998
32	30	0.444
32	107	0.371
32	83	0.15
32	2	0.27899999999999997
32	45	0.205
32	95	0.27699999999999997
32	4	0.377
32	91	0.22399999999999998
32	27	0.33
32	10	0.366
32	43	0.196
32	8	0.354
32	105	0.26
32	3	0.188
32	40	0.248
32	18	0.6629999999999999
32	38	0.185
32	35	0.782
32	1	0.214
32	34	0.44799999999999995
32	39	0.19
33	96	0.316
33	28	0.276
33	108	0.34600000000000003
33	40	0.491
33	39	0.345
33	66	0.171
33	18	0.517
33	91	0.354
33	5	0.491
33	60	0.36200000000000004
33	10	0.609
33	56	0.33299999999999996
33	31	0.39799999999999996
33	54	0.28300000000000003
33	7	0.48
33	113	0.171
33	43	0.319
33	27	0.35200000000000004
33	2	0.48700000000000004
33	117	0.23399999999999999
33	97	0.239
33	83	0.161
33	22	0.527
33	119	0.319
33	42	0.307
33	92	0.19
33	38	0.465
33	105	0.723
33	84	0.457
33	78	0.315
33	62	0.162
33	11	0.312
33	106	0.34600000000000003
33	120	0.495
33	107	0.53
33	48	0.6970000000000001
33	12	0.27899999999999997
33	45	0.287
33	61	0.18100000000000002
33	26	0.594
33	16	0.21899999999999997
33	1	0.272
33	20	0.151
33	9	0.424
33	41	0.19399999999999998
33	24	0.297
33	95	0.409
33	17	0.39
33	8	0.5760000000000001
33	111	0.408
33	4	0.507
33	6	0.193
33	87	0.159
33	72	0.18899999999999997
33	3	0.43
