33	54	0.28300000000000003
33	48	0.6970000000000001
33	14	0.42
33	43	0.319
33	37	0.185
33	91	0.354
33	41	0.194
33	118	0.319
33	34	0.522
33	106	0.34600000000000003
33	0	0.526
33	45	0.287
33	17	0.39
33	22	0.527
33	20	0.151
33	97	0.239
33	119	0.495
33	112	0.171
33	1	0.272
33	11	0.312
33	5	0.491
33	92	0.19
33	95	0.409
33	7	0.48
33	40	0.491
33	105	0.723
33	62	0.162
33	66	0.171
33	8	0.5760000000000001
33	3	0.43
33	83	0.161
33	6	0.193
33	18	0.517
33	16	0.219
33	60	0.362
33	24	0.297
33	96	0.316
33	116	0.234
33	39	0.345
33	4	0.507
33	77	0.447
33	107	0.53
33	102	0.192
33	72	0.189
33	103	0.198
33	38	0.465
33	56	0.333
33	27	0.35200000000000004
33	12	0.279
33	28	0.276
33	78	0.315
33	36	0.196
33	26	0.594
33	108	0.34600000000000003
33	42	0.307
33	2	0.487
33	61	0.181
33	10	0.609
33	110	0.408
33	31	0.398
33	9	0.424
33	84	0.457
33	87	0.159
19	97	0.16699999999999998
19	119	0.306
19	11	0.171
19	112	0.16899999999999998
19	115	0.194
19	5	0.25
19	114	0.161
19	40	0.765
19	7	0.305
19	105	0.304
19	32	0.342
19	8	0.307
19	3	0.21
19	108	0.16
19	18	0.408
19	24	0.215
19	60	0.231
19	107	0.407
19	4	0.277
19	77	0.321
19	72	0.188
19	27	0.275
19	56	0.215
19	42	0.48
19	28	0.247
19	2	0.236
19	30	0.185
19	10	0.333
19	81	0.229
19	31	0.246
19	110	0.165
19	96	0.483
19	9	0.28600000000000003
19	84	0.258
19	54	0.185
19	91	0.205
19	14	0.277
19	43	0.2
19	48	0.738
19	118	0.277
19	106	0.206
19	34	0.154
19	22	0.304
19	45	0.161
19	17	0.215
19	29	0.408
19	0	0.181
96	97	0.277
96	20	0.7020000000000001
96	33	0.316
96	119	0.551
96	63	0.25
96	1	0.24
96	112	0.151
96	11	0.597
96	92	0.224
96	55	0.172
96	40	0.37
96	5	0.34700000000000003
96	7	0.407
96	105	0.483
96	25	0.648
96	95	0.488
96	32	0.187
96	62	0.188
96	80	0.18600000000000005
96	8	0.462
96	39	0.307
96	83	0.16899999999999998
96	69	0.21
96	19	0.483
96	3	0.361
96	104	0.184
96	18	0.664
96	86	0.183
96	60	0.6409999999999999
96	53	0.165
96	24	0.327
96	6	0.174
96	4	0.385
96	77	0.725
96	38	0.281
96	102	0.24
96	107	0.531
96	72	0.192
96	56	0.34
96	27	0.424
96	12	0.472
96	28	0.277
96	26	0.368
96	108	0.243
96	36	0.358
96	74	0.304
96	98	0.177
96	2	0.217
96	42	0.31
96	15	0.289
96	30	0.287
96	61	0.239
96	21	0.468
96	10	0.5529999999999999
96	81	0.162
96	110	0.215
96	31	0.307
96	87	0.483
96	58	0.392
96	9	0.403
96	84	0.708
96	54	0.327
96	35	0.32299999999999995
96	37	0.5329999999999999
96	100	0.318
96	99	0.374
96	91	0.276
96	43	0.6629999999999999
96	14	0.447
96	48	0.726
96	106	0.159
96	118	0.369
96	93	0.16899999999999998
96	90	0.33
96	17	0.408
96	34	0.472
96	45	0.324
96	0	0.222
96	29	0.703
96	22	0.439
73	0	0.153
73	17	0.339
73	45	0.34700000000000003
73	97	0.337
73	112	0.8220000000000001
73	119	0.705
73	63	0.355
73	1	0.175
73	20	0.16699999999999998
73	55	0.716
73	5	0.375
73	25	0.278
73	105	0.342
73	40	0.28
73	7	0.279
73	62	0.277
73	34	0.16899999999999998
73	60	0.305
73	8	0.187
73	83	0.8290000000000001
73	69	0.188
73	18	0.258
73	53	0.192
73	24	0.38
73	14	0.185
73	4	0.206
73	77	0.365
73	39	0.449
73	102	0.252
73	107	0.345
73	72	0.374
73	103	0.441
73	88	0.451
73	56	0.199
73	28	0.396
73	12	0.277
73	36	0.977
73	2	0.343
73	42	0.441
73	15	0.355
73	43	0.248
73	110	0.505
73	61	0.21
73	21	0.171
73	10	0.151
73	64	0.237
73	58	0.15
73	84	0.501
73	9	0.7340000000000001
73	13	0.964
73	37	0.25
73	91	0.722
73	90	0.215
73	118	0.489
73	48	0.44
73	93	0.491
92	54	0.442
92	27	0.15
92	56	0.625
92	108	0.277
92	36	0.304
92	42	0.364
92	61	0.305
92	110	0.187
92	84	0.341
92	87	0.304
92	103	0.16899999999999998
92	13	0.21
92	97	0.345
92	1	0.161
92	112	0.181
92	55	0.211
92	5	0.159
92	105	0.574
92	40	0.4
92	7	0.198
92	25	0.447
92	3	0.241
92	83	0.229
92	116	0.206
92	4	0.205
92	72	0.504
92	12	0.304
92	2	0.19
92	81	0.177
92	21	0.228
92	10	0.3720000000000001
92	64	0.204
92	58	0.183
92	96	0.224
92	9	0.4
92	106	0.177
92	14	0.363
92	93	0.244
92	118	0.44
92	63	0.344
92	45	0.304
92	22	0.205
92	0	0.158
92	119	0.63
92	33	0.19
92	11	0.157
92	20	0.211
92	95	0.15
92	62	0.277
92	8	0.277
92	69	0.15
92	18	0.575
92	107	0.578
92	86	0.16399999999999998
92	60	0.43
92	24	0.305
92	102	0.28300000000000003
92	77	0.544
92	39	0.338
92	37	0.373
92	91	0.189
92	43	0.481
92	48	0.442
92	34	0.342
92	29	0.205
103	16	0.253
103	97	0.382
103	73	0.441
103	119	0.926
103	63	0.711
103	47	0.189
103	33	0.198
103	1	0.183
103	112	0.728
103	20	0.183
103	24	0.275
103	70	0.161
103	55	0.823
103	92	0.16899999999999998
103	5	0.16899999999999998
103	25	0.338
103	94	0.38
103	105	0.482
103	40	0.407
103	62	0.693
103	115	0.473
103	8	0.215
103	66	0.215
103	83	0.444
103	69	0.205
103	3	0.243
103	18	0.695
103	86	0.181
103	60	0.384
103	53	0.183
103	52	0.188
103	116	0.22
103	107	0.524
103	77	0.508
103	4	0.274
103	102	0.561
103	39	0.408
103	72	0.345
103	56	0.373
103	12	0.409
103	108	0.277
103	36	0.575
103	42	0.44
103	30	0.4920000000000001
103	81	0.159
103	21	0.225
103	61	0.415
103	10	0.28
103	64	0.274
103	110	0.66
103	58	0.188
103	38	0.159
103	84	0.303
103	9	0.718
103	54	0.277
103	48	0.505
103	13	0.455
103	37	0.393
103	41	0.443
103	43	0.53
103	14	0.3670000000000001
103	106	0.212
103	118	0.675
103	93	0.823
103	90	0.165
103	17	0.542
103	34	0.6729999999999999
103	29	0.204
103	45	0.364
103	22	0.205
29	97	0.364
29	39	0.392
29	77	0.51
29	61	0.312
29	112	0.304
29	72	0.379
29	102	0.181
29	107	0.628
29	103	0.204
29	88	0.171
29	119	0.574
29	27	0.4970000000000001
29	63	0.19
29	11	0.38
29	28	0.441
29	56	0.495
29	47	0.151
29	49	0.194
29	1	0.321
29	114	0.205
29	26	0.753
29	20	0.229
29	36	0.319
29	108	0.442
29	55	0.212
29	92	0.205
29	7	0.63
29	5	0.505
29	42	0.628
29	82	0.364
29	40	0.659
29	2	0.487
29	25	0.15
29	105	0.659
29	95	0.443
29	30	0.579
29	81	0.161
29	115	0.321
29	62	0.165
29	21	0.15
29	10	0.7140000000000001
29	66	0.215
29	76	0.17
29	8	0.659
29	110	0.41
29	31	0.531
29	58	0.199
29	19	0.408
29	69	0.211
29	3	0.441
29	83	0.277
29	96	0.703
29	84	0.63
29	9	0.573
29	54	0.4
29	35	0.16699999999999998
29	18	0.6679999999999999
29	86	0.194
29	14	0.525
29	60	0.47
29	23	0.181
29	53	0.187
29	6	0.204
29	91	0.34700000000000003
29	41	0.15
29	16	0.504
29	24	0.443
29	43	0.408
29	99	0.374
29	48	0.8170000000000001
29	75	0.159
29	118	0.531
29	51	0.16899999999999998
29	106	0.255
29	34	0.7090000000000001
29	45	0.414
29	22	0.63
29	116	0.161
29	17	0.5770000000000001
29	0	0.521
29	4	0.52
20	110	0.398
20	97	0.342
20	39	0.342
20	77	0.7140000000000001
20	102	0.16899999999999998
20	107	0.628
20	103	0.183
20	72	0.4320000000000001
20	73	0.16699999999999998
20	56	0.504
20	119	0.579
20	27	0.5329999999999999
20	33	0.151
20	63	0.16699999999999998
20	28	0.5720000000000001
20	47	0.156
20	12	0.642
20	11	0.343
20	1	0.26
20	112	0.305
20	108	0.442
20	36	0.338
20	26	0.647
20	40	0.8240000000000001
20	8	0.7140000000000001
20	55	0.21
20	92	0.211
20	2	0.487
20	5	0.531
20	114	0.252
20	82	0.394
20	7	0.63
20	42	0.6629999999999999
20	95	0.491
20	25	0.156
20	105	0.6579999999999999
20	30	0.6579999999999999
20	61	0.304
20	115	0.398
20	21	0.163
20	81	0.151
20	66	0.199
20	10	0.71
20	31	0.574
20	58	0.211
20	69	0.185
20	4	0.525
20	3	0.44
20	84	0.628
20	96	0.7020000000000001
20	83	0.29
20	87	0.159
20	9	0.575
20	54	0.407
20	18	0.6609999999999999
20	86	0.188
20	60	0.447
20	6	0.211
20	53	0.181
20	37	0.174
20	23	0.151
20	91	0.366
20	24	0.441
20	41	0.24
20	43	0.436
20	99	0.374
20	48	0.862
20	14	0.531
20	75	0.211
20	118	0.505
20	106	0.258
20	34	0.184
20	51	0.2
20	116	0.151
20	45	0.379
20	29	0.229
20	0	0.52
20	17	0.579
20	22	0.6579999999999999
87	97	0.25
87	33	0.159
87	119	0.838
87	63	0.16699999999999998
87	20	0.159
87	92	0.304
87	40	0.366
87	105	0.48
87	25	0.25
87	62	0.189
87	115	0.161
87	18	0.754
87	107	0.449
87	60	0.248
87	24	0.197
87	102	0.5429999999999999
87	116	0.153
87	77	0.7979999999999999
87	56	0.273
87	64	0.18600000000000005
87	12	0.151
87	108	0.16699999999999998
87	36	0.151
87	42	0.24
87	30	0.185
87	61	0.151
87	21	0.17600000000000002
87	10	0.207
87	37	0.191
87	54	0.343
87	84	0.515
87	96	0.483
87	9	0.197
87	41	0.483
87	14	0.165
87	43	0.368
87	48	0.365
87	118	0.238
87	45	0.161
87	34	0.221
49	72	0.189
49	107	0.193
49	52	0.988
49	77	0.294
49	12	0.211
49	108	0.514
49	56	0.441
49	42	0.215
49	10	0.235
49	110	0.159
49	37	0.195
49	58	0.156
49	46	0.17
49	9	0.239
49	54	0.247
49	23	0.237
49	43	0.193
49	48	0.34
49	14	0.15
49	106	0.204
49	45	0.246
49	118	0.927
49	0	0.163
49	29	0.194
49	22	0.215
49	24	0.16899999999999998
49	60	0.928
49	97	0.206
49	66	0.968
49	112	0.203
49	119	0.35100000000000003
49	47	0.215
49	40	0.25
49	114	0.262
49	82	0.161
49	94	0.272
49	25	0.231
49	7	0.211
49	105	0.415
49	76	0.235
49	8	0.203
49	3	0.162
49	18	0.162
97	60	0.973
97	41	0.151
97	99	0.161
97	118	0.847
97	45	0.499
97	0	0.16699999999999998
97	20	0.342
97	63	0.903
97	119	0.918
97	33	0.239
97	47	0.408
97	11	0.17
97	95	0.151
97	8	0.38
97	86	0.277
97	77	0.894
97	39	0.698
97	102	0.774
97	103	0.382
97	27	0.188
97	56	0.97
97	61	0.792
97	42	0.655
97	91	0.931
97	6	0.304
97	112	0.491
97	1	0.183
97	55	0.502
97	7	0.341
97	76	0.192
97	19	0.16699999999999998
97	15	0.277
97	89	0.589
97	12	0.442
97	49	0.206
97	2	0.925
97	98	0.539
97	21	0.341
97	81	0.412
97	96	0.277
97	44	0.221
97	23	0.52
97	14	0.682
97	93	0.48
97	106	0.278
97	22	0.63
97	17	0.277
97	73	0.337
97	114	0.443
97	82	0.443
97	62	0.981
97	32	0.151
97	50	0.19
97	115	0.304
97	66	0.275
97	69	0.412
97	18	0.8220000000000001
97	53	0.6509999999999999
97	24	0.715
97	52	0.188
97	107	0.7170000000000001
97	28	0.161
97	26	0.256
97	74	0.189
97	36	0.505
97	108	0.629
97	110	0.491
97	85	0.906
97	46	0.244
97	38	0.171
97	37	0.6679999999999999
97	35	0.15
97	87	0.25
97	84	0.532
97	54	0.542
97	13	0.48
97	48	0.821
97	43	0.8909999999999999
97	90	0.971
97	29	0.364
97	101	0.182
97	92	0.345
97	25	0.589
97	5	0.271
97	105	0.908
97	40	0.823
97	3	0.305
97	83	0.53
97	16	0.277
97	51	0.205
97	116	0.3670000000000001
97	4	0.339
97	72	0.67
97	30	0.242
97	10	0.489
97	64	0.594
97	58	0.6579999999999999
97	9	0.8140000000000001
97	34	0.442
97	100	0.153
62	89	0.41
62	12	0.294
62	98	0.3670000000000001
62	2	0.913
62	21	0.21
62	29	0.165
62	48	0.664
62	43	0.481
62	90	0.938
62	97	0.981
62	58	0.515
62	116	0.159
62	4	0.272
62	64	0.633
62	10	0.341
62	9	0.483
62	118	0.44
62	45	0.28300000000000003
62	119	0.828
62	63	0.83
62	33	0.162
62	11	0.173
62	8	0.304
62	60	0.642
62	86	0.16899999999999998
62	77	0.777
62	39	0.38
62	102	0.71
62	103	0.693
62	56	0.29
62	42	0.277
62	61	0.364
62	91	0.929
62	34	0.264
62	37	0.304
62	96	0.188
62	14	0.614
62	93	0.442
62	17	0.19
62	106	0.219
62	22	0.181
62	73	0.277
62	69	0.191
62	18	0.536
62	53	0.195
62	24	0.312
62	107	0.7829999999999999
62	13	0.442
62	108	0.15
62	36	0.508
62	38	0.15
62	85	0.929
62	110	0.927
62	84	0.629
62	87	0.189
62	54	0.319
62	7	0.2
62	55	0.377
62	112	0.345
62	101	0.155
62	92	0.277
62	40	0.336
62	105	0.509
62	25	0.6779999999999999
62	3	0.519
62	83	0.535
62	16	0.182
30	77	0.407
30	56	0.424
30	97	0.242
30	39	0.277
30	103	0.4920000000000001
30	107	0.491
30	72	0.373
30	63	0.159
30	119	0.43
30	27	0.398
30	108	0.298
30	11	0.28800000000000003
30	28	0.277
30	1	0.239
30	36	0.268
30	20	0.6579999999999999
30	112	0.304
30	26	0.329
30	5	0.408
30	55	0.198
30	25	0.152
30	2	0.306
30	82	0.16699999999999998
30	42	0.63
30	40	0.6579999999999999
30	105	0.442
30	7	0.441
30	115	0.407
30	32	0.444
30	70	0.163
30	61	0.242
30	106	0.205
30	66	0.162
30	10	0.504
30	8	0.503
30	81	0.23
30	110	0.24
30	31	0.375
30	38	0.154
30	87	0.185
30	19	0.185
30	3	0.38
30	83	0.215
30	96	0.287
30	9	0.447
30	84	0.388
30	54	0.304
30	43	0.327
30	60	0.305
30	41	0.162
30	91	0.313
30	24	0.159
30	6	0.171
30	48	0.6509999999999999
30	14	0.442
30	75	0.213
30	118	0.305
30	22	0.442
30	51	0.237
30	17	0.306
30	45	0.277
30	0	0.304
30	29	0.579
30	4	0.443
75	119	0.34
75	95	0.215
75	5	0.241
75	20	0.211
75	112	0.181
75	82	0.66
75	40	0.32299999999999995
75	105	0.35
75	25	0.258
75	83	0.165
75	76	0.6579999999999999
75	8	0.161
75	80	0.16899999999999998
75	79	0.248
75	18	0.16899999999999998
75	86	0.591
75	60	0.208
75	24	0.551
75	30	0.213
75	72	0.304
75	107	0.392
75	39	0.151
75	77	0.4970000000000001
75	12	0.485
75	56	0.251
75	78	0.525
75	108	0.16899999999999998
75	26	0.161
75	42	0.342
75	84	0.151
75	61	0.187
75	10	0.229
75	81	0.376
75	110	0.573
75	48	0.406
75	9	0.294
75	54	0.18600000000000005
75	23	0.703
75	37	0.424
75	118	0.403
75	34	0.241
75	17	0.161
75	45	0.248
75	29	0.159
37	43	0.924
37	68	0.165
37	23	0.183
37	91	0.484
37	14	0.768
37	48	0.731
37	93	0.256
37	118	0.708
37	90	0.16699999999999998
37	106	0.946
37	34	0.173
37	22	0.6709999999999999
37	45	0.632
37	17	0.153
37	0	0.518
37	100	0.802
37	88	0.199
37	97	0.6679999999999999
37	73	0.25
37	47	0.22
37	119	0.8220000000000001
37	63	0.6
37	33	0.185
37	5	0.545
37	1	0.412
37	11	0.458
37	112	0.448
37	20	0.174
37	114	0.303
37	55	0.345
37	92	0.373
37	105	0.8029999999999999
37	82	0.28600000000000003
37	40	0.8290000000000001
37	7	0.662
37	25	0.179
37	95	0.589
37	115	0.29
37	62	0.304
37	113	0.161
37	66	0.926
37	8	0.763
37	76	0.257
37	3	0.779
37	69	0.47
37	83	0.409
37	18	0.252
37	86	0.304
37	53	0.639
37	60	0.682
37	24	0.513
37	16	0.28300000000000003
37	6	0.422
37	75	0.424
37	117	0.161
37	51	0.181
37	4	0.654
37	116	0.386
37	77	0.845
37	39	0.515
37	107	0.8490000000000001
37	102	0.322
37	103	0.393
37	72	0.505
37	26	0.213
37	56	0.7070000000000001
37	12	0.94
37	28	0.33
37	49	0.195
37	108	0.522
37	36	0.643
37	98	0.151
37	42	0.669
37	2	0.407
37	15	0.252
37	67	0.2
37	61	0.669
37	21	0.187
37	64	0.173
37	10	0.85
37	81	0.344
37	110	0.504
37	31	0.44
37	46	0.24
37	58	0.453
37	96	0.5329999999999999
37	9	0.73
37	87	0.191
37	84	0.7090000000000001
37	54	0.636
37	13	0.227
36	69	0.502
36	31	0.151
36	97	0.505
36	1	0.307
36	112	0.91
36	83	0.8759999999999999
36	40	0.7
36	55	0.7070000000000001
36	92	0.304
36	5	0.307
36	25	0.703
36	7	0.34700000000000003
36	105	0.87
36	70	0.193
36	3	0.575
36	96	0.358
36	9	0.965
36	44	0.151
36	100	0.201
36	23	0.239
36	41	0.285
36	14	0.63
36	118	0.82
36	93	0.63
36	24	0.629
36	106	0.499
36	45	0.63
36	0	0.277
36	22	0.453
36	17	0.242
36	73	0.977
36	119	0.901
36	63	0.579
36	33	0.196
36	47	0.341
36	11	0.168
36	20	0.338
36	104	0.182
36	18	0.826
36	86	0.277
36	60	0.685
36	53	0.441
36	110	0.718
36	52	0.161
36	39	0.8220000000000001
36	77	0.7959999999999999
36	102	0.449
36	107	0.82
36	103	0.575
36	56	0.826
36	27	0.271
36	26	0.248
36	78	0.222
36	28	0.311
36	71	0.277
36	42	0.736
36	108	0.5379999999999999
36	61	0.794
36	85	0.171
36	46	0.183
36	38	0.191
36	34	0.631
36	84	0.843
36	87	0.151
36	54	0.531
36	13	0.984
36	91	0.366
36	37	0.643
36	43	0.826
36	48	0.866
36	90	0.305
36	6	0.16
36	16	0.306
36	51	0.309
36	117	0.163
36	4	0.7
36	89	0.171
36	116	0.35100000000000003
36	72	0.634
36	12	0.642
36	98	0.204
36	30	0.268
36	2	0.284
36	15	0.4970000000000001
36	29	0.319
36	21	0.406
36	10	0.653
36	64	0.345
36	81	0.34600000000000003
36	58	0.369
36	114	0.443
36	82	0.183
36	95	0.215
36	32	0.194
36	115	0.256
36	62	0.508
36	50	0.244
36	8	0.504
36	66	0.24
18	97	0.8220000000000001
18	1	0.519
18	112	0.503
18	101	0.512
18	92	0.575
18	55	0.446
18	5	0.5429999999999999
18	40	0.898
18	7	0.6629999999999999
18	105	0.931
18	25	0.948
18	70	0.24
18	80	0.15
18	76	0.211
18	19	0.408
18	83	0.491
18	3	0.851
18	6	0.34700000000000003
18	16	0.45
18	75	0.16899999999999998
18	117	0.151
18	51	0.271
18	89	0.408
18	116	0.459
18	72	0.5489999999999999
18	4	0.718
18	12	0.499
18	49	0.162
18	98	0.195
18	2	0.493
18	15	0.194
18	10	0.893
18	21	0.268
18	64	0.441
18	81	0.35600000000000004
18	58	0.495
18	96	0.664
18	9	0.916
18	44	0.165
18	68	0.171
18	100	0.179
18	41	0.276
18	23	0.206
18	99	0.152
18	14	0.845
18	118	0.78
18	93	0.639
18	106	0.938
18	45	0.66
18	17	0.153
18	0	0.519
18	22	0.6970000000000001
18	73	0.258
18	119	0.974
18	63	0.639
18	33	0.517
18	47	0.305
18	11	0.498
18	20	0.6609999999999999
18	82	0.304
18	114	0.426
18	32	0.6629999999999999
18	95	0.575
18	62	0.536
18	50	0.199
18	115	0.445
18	66	0.305
18	8	0.7879999999999999
18	69	0.44
18	104	0.163
18	86	0.343
18	60	0.848
18	53	0.4
18	24	0.795
18	39	0.82
18	52	0.161
18	77	0.946
18	107	0.936
18	102	0.584
18	27	0.574
18	103	0.695
18	88	0.4920000000000001
18	74	0.212
18	56	0.883
18	28	0.343
18	36	0.826
18	26	0.574
18	71	0.213
18	108	0.961
18	42	0.7340000000000001
18	67	0.215
18	61	0.6809999999999999
18	85	0.248
18	110	0.5760000000000001
18	31	0.408
18	46	0.359
18	87	0.754
18	84	0.7490000000000001
18	54	0.828
18	35	0.602
18	13	0.44
18	91	0.5720000000000001
18	37	0.252
18	48	0.911
18	43	0.929
18	90	0.388
18	29	0.6679999999999999
27	97	0.188
27	7	0.3720000000000001
27	1	0.181
27	119	0.442
27	63	0.16699999999999998
27	33	0.35200000000000004
27	11	0.21600000000000005
27	112	0.206
27	20	0.5329999999999999
27	40	0.417
27	5	0.39
27	92	0.15
27	25	0.637
27	105	0.443
27	95	0.595
27	32	0.33
27	115	0.15
27	83	0.185
27	8	0.442
27	3	0.34600000000000003
27	19	0.275
27	60	0.339
27	18	0.574
27	24	0.28600000000000003
27	77	0.399
27	4	0.364
27	39	0.276
27	102	0.151
27	107	0.441
27	72	0.26
27	61	0.165
27	56	0.305
27	28	0.276
27	36	0.271
27	26	0.715
27	108	0.25
27	42	0.373
27	2	0.205
27	30	0.398
27	10	0.541
27	21	0.152
27	81	0.152
27	31	0.28800000000000003
27	110	0.19
27	96	0.424
27	58	0.159
27	84	0.378
27	9	0.369
27	54	0.277
27	35	0.215
27	13	0.165
27	91	0.416
27	48	0.659
27	14	0.41
27	43	0.256
27	118	0.38
27	90	0.21
27	34	0.551
27	45	0.235
27	17	0.38
27	0	0.249
27	29	0.4970000000000001
27	22	0.422
38	103	0.159
38	55	0.188
38	25	0.161
38	97	0.171
38	1	0.39
38	119	0.406
38	33	0.465
38	112	0.303
38	11	0.33
38	72	0.252
38	8	0.526
38	105	0.383
38	40	0.45
38	7	0.483
38	32	0.185
38	5	0.395
38	115	0.17
38	62	0.15
38	83	0.204
38	3	0.321
38	6	0.18600000000000005
38	60	0.28
38	16	0.262
38	24	0.213
38	107	0.532
38	102	0.162
38	77	0.35600000000000004
38	4	0.459
38	39	0.226
38	31	0.407
38	28	0.275
38	56	0.277
38	108	0.18
38	12	0.154
38	36	0.191
38	26	0.495
38	110	0.205
38	30	0.154
38	42	0.481
38	2	0.34700000000000003
38	61	0.187
38	10	0.5589999999999999
38	48	0.685
38	96	0.281
38	84	0.442
38	9	0.409
38	14	0.458
38	35	0.192
38	54	0.215
38	43	0.322
38	91	0.32299999999999995
38	0	0.344
38	118	0.328
38	45	0.213
38	17	0.4
38	22	0.45
1	39	0.214
1	77	0.35
1	97	0.183
1	107	0.937
1	73	0.175
1	103	0.183
1	10	0.914
1	63	0.187
1	119	0.429
1	27	0.181
1	33	0.272
1	56	0.303
1	12	0.392
1	28	0.909
1	11	0.925
1	20	0.26
1	36	0.307
1	26	0.918
1	108	0.161
1	92	0.161
1	55	0.228
1	5	0.931
1	7	0.978
1	2	0.909
1	42	0.215
1	40	0.28800000000000003
1	25	0.948
1	15	0.261
1	105	0.31
1	30	0.239
1	32	0.214
1	95	0.246
1	115	0.17
1	61	0.292
1	21	0.44
1	8	0.977
1	110	0.16699999999999998
1	31	0.927
1	38	0.39
1	3	0.921
1	96	0.24
1	84	0.941
1	9	0.305
1	54	0.25
1	35	0.908
1	18	0.519
1	60	0.256
1	100	0.263
1	43	0.637
1	37	0.412
1	16	0.471
1	91	0.909
1	6	0.247
1	14	0.949
1	48	0.26
1	118	0.211
1	34	0.412
1	29	0.321
1	22	0.943
1	0	0.916
1	17	0.913
1	4	0.91
88	63	0.491
88	73	0.451
88	119	0.16899999999999998
88	25	0.515
88	7	0.422
88	8	0.622
88	18	0.4920000000000001
88	77	0.194
88	2	0.229
88	21	0.257
88	10	0.529
88	9	0.162
88	84	0.35600000000000004
88	37	0.199
88	100	0.17600000000000002
88	91	0.8029999999999999
88	118	0.31
88	29	0.171
118	76	0.575
118	40	0.929
118	7	0.489
118	105	0.977
118	25	0.825
118	70	0.28800000000000003
118	113	0.161
118	80	0.193
118	19	0.277
118	3	0.394
118	83	0.6579999999999999
118	6	0.215
118	16	0.407
118	75	0.403
118	51	0.25
118	89	0.213
118	116	0.443
118	4	0.38
118	72	0.873
118	12	0.6709999999999999
118	49	0.927
118	98	0.304
118	2	0.32299999999999995
118	15	0.51
118	30	0.305
118	21	0.493
118	10	0.8370000000000001
118	64	0.341
118	81	0.595
118	58	0.5760000000000001
118	9	0.995
118	96	0.369
118	44	0.364
118	100	0.307
118	68	0.16899999999999998
118	23	0.716
118	41	0.264
118	99	0.206
118	14	0.546
118	93	0.509
118	45	0.92
118	106	0.784
118	0	0.252
118	17	0.501
118	22	0.489
118	73	0.489
118	37	0.708
118	91	0.419
118	43	0.895
118	48	0.979
118	90	0.364
118	34	0.6629999999999999
118	29	0.531
118	47	0.531
118	119	0.966
118	63	0.504
118	33	0.319
118	11	0.234
118	20	0.505
118	114	0.54
118	82	0.662
118	95	0.475
118	115	0.38
118	50	0.183
118	32	0.199
118	62	0.44
118	66	0.393
118	8	0.6579999999999999
118	69	0.8270000000000001
118	18	0.78
118	86	0.47
118	60	0.995
118	53	0.8109999999999999
118	24	0.938
118	77	0.965
118	52	0.935
118	102	0.441
118	39	0.797
118	107	0.898
118	103	0.675
118	88	0.31
118	27	0.38
118	56	0.956
118	28	0.304
118	78	0.305
118	36	0.82
118	26	0.491
118	71	0.2
118	74	0.171
118	108	0.736
118	42	0.996
118	67	0.254
118	61	0.74
118	97	0.847
118	1	0.211
118	112	0.981
118	5	0.442
118	55	0.575
118	92	0.44
118	85	0.213
118	57	0.16699999999999998
118	110	0.936
118	31	0.306
118	38	0.328
118	46	0.552
118	87	0.238
118	84	0.774
118	54	0.8909999999999999
118	35	0.16899999999999998
118	13	0.674
83	24	0.505
83	97	0.53
83	112	0.92
83	55	0.708
83	92	0.229
83	5	0.243
83	7	0.19
83	40	0.7140000000000001
83	105	0.574
83	25	0.471
83	3	0.205
83	16	0.187
83	75	0.165
83	89	0.303
83	4	0.252
83	72	0.531
83	98	0.245
83	12	0.305
83	2	0.23
83	15	0.23
83	30	0.215
83	21	0.321
83	10	0.343
83	64	0.424
83	81	0.196
83	58	0.205
83	96	0.16899999999999998
83	9	0.895
83	41	0.206
83	14	0.338
83	93	0.787
83	118	0.6579999999999999
83	45	0.503
83	106	0.204
83	17	0.254
83	22	0.238
83	73	0.8290000000000001
83	20	0.29
83	119	0.823
83	63	0.6579999999999999
83	33	0.161
83	114	0.159
83	82	0.21
83	53	0.238
83	69	0.305
83	104	0.165
83	18	0.491
83	86	0.252
83	60	0.481
83	77	0.63
83	39	0.71
83	102	0.426
83	107	0.573
83	103	0.444
83	27	0.185
83	56	0.364
83	28	0.273
83	108	0.238
83	26	0.232
83	36	0.8759999999999999
83	42	0.629
83	61	0.408
83	85	0.161
83	110	0.7190000000000001
83	31	0.159
83	38	0.204
83	84	0.7
83	54	0.345
83	13	0.982
83	37	0.409
83	91	0.365
83	43	0.441
83	48	0.703
83	90	0.34
83	34	0.443
83	29	0.277
83	95	0.188
83	115	0.272
83	32	0.15
83	62	0.535
83	8	0.366
108	112	0.343
108	97	0.629
108	47	0.892
108	119	0.981
108	63	0.204
108	33	0.34600000000000003
108	11	0.215
108	1	0.161
108	20	0.442
108	55	0.373
108	92	0.277
108	114	0.823
108	5	0.602
108	82	0.445
108	40	0.721
108	7	0.439
108	25	0.579
108	105	0.905
108	95	0.159
108	70	0.942
108	62	0.15
108	50	0.383
108	115	0.502
108	8	0.948
108	66	0.7
108	76	0.213
108	69	0.407
108	3	0.501
108	19	0.16
108	83	0.238
108	104	0.181
108	18	0.961
108	86	0.375
108	60	0.982
108	53	0.345
108	16	0.249
108	24	0.573
108	75	0.16899999999999998
108	52	0.6579999999999999
108	117	0.212
108	51	0.507
108	56	0.969
108	116	0.378
108	4	0.412
108	77	0.857
108	39	0.444
108	102	0.215
108	107	0.794
108	103	0.277
108	72	0.574
108	27	0.25
108	78	0.313
108	28	0.341
108	12	0.4970000000000001
108	71	0.41
108	49	0.514
108	36	0.5379999999999999
108	26	0.3720000000000001
108	42	0.705
108	15	0.194
108	30	0.298
108	67	0.287
108	61	0.4370000000000001
108	85	0.191
108	21	0.314
108	10	0.65
108	57	0.903
108	81	0.234
108	110	0.527
108	31	0.187
108	38	0.18
108	46	0.467
108	58	0.441
108	96	0.243
108	109	0.258
108	87	0.16699999999999998
108	9	0.825
108	84	0.364
108	54	0.716
108	44	0.501
108	13	0.182
108	37	0.522
108	23	0.313
108	68	0.204
108	14	0.954
108	41	0.375
108	43	0.984
108	48	0.826
108	93	0.29
108	118	0.736
108	90	0.177
108	106	0.98
108	34	0.448
108	45	0.6579999999999999
108	22	0.63
108	29	0.442
108	17	0.319
108	0	0.303
44	107	0.304
44	77	0.284
44	97	0.221
44	72	0.407
44	47	0.659
44	119	0.392
44	56	0.504
44	36	0.151
44	65	0.18600000000000005
44	112	0.171
44	71	0.234
44	108	0.501
44	105	0.505
44	55	0.238
44	114	0.58
44	40	0.37
44	42	0.343
44	7	0.163
44	67	0.664
44	115	0.15
44	50	0.236
44	70	0.748
44	113	0.453
44	10	0.2
44	110	0.24
44	57	0.443
44	8	0.163
44	9	0.28600000000000003
44	69	0.189
44	58	0.151
44	46	0.181
44	54	0.28
44	104	0.163
44	18	0.165
44	53	0.183
44	111	0.299
44	86	0.179
44	68	0.5820000000000001
44	79	0.193
44	60	0.307
44	41	0.304
44	43	0.252
44	24	0.151
44	14	0.221
44	48	0.408
44	45	0.304
44	93	0.271
44	118	0.364
44	51	0.254
44	106	0.161
44	52	0.204
44	22	0.343
44	17	0.248
60	38	0.28
60	54	0.985
60	84	0.484
60	87	0.248
60	35	0.193
60	13	0.493
60	37	0.682
60	48	0.967
60	91	0.304
60	43	0.927
60	34	0.589
60	90	0.343
60	29	0.47
60	46	0.535
60	97	0.973
60	1	0.256
60	112	0.7509999999999999
60	55	0.479
60	101	0.151
60	92	0.43
60	5	0.354
60	105	0.969
60	40	0.8220000000000001
60	7	0.728
60	25	0.7490000000000001
60	70	0.304
60	113	0.345
60	80	0.192
60	76	0.32299999999999995
60	19	0.231
60	3	0.438
60	83	0.481
60	79	0.194
60	16	0.348
60	6	0.304
60	75	0.208
60	51	0.187
60	89	0.185
60	116	0.441
60	4	0.398
60	72	0.7170000000000001
60	12	0.65
60	49	0.928
60	98	0.28800000000000003
60	15	0.52
60	2	0.278
60	30	0.305
60	21	0.444
60	64	0.307
60	10	0.889
60	81	0.5489999999999999
60	58	0.769
60	96	0.6409999999999999
60	9	0.8240000000000001
60	44	0.307
60	100	0.247
60	68	0.305
60	23	0.307
60	14	0.531
60	41	0.243
60	93	0.441
60	118	0.995
60	106	0.978
60	45	0.82
60	17	0.398
60	0	0.255
60	22	0.524
60	73	0.305
60	119	0.966
60	59	0.91
60	63	0.6890000000000001
60	33	0.362
60	47	0.47
60	11	0.523
60	65	0.29
60	20	0.447
60	66	0.942
60	114	0.505
60	82	0.515
60	95	0.406
60	62	0.642
60	32	0.151
60	115	0.402
60	8	0.8440000000000001
60	69	0.984
60	18	0.848
60	86	0.622
60	53	0.6629999999999999
60	24	0.727
60	52	0.927
60	39	0.74
60	77	0.977
60	102	0.468
60	107	0.899
60	103	0.384
60	27	0.339
60	56	0.899
60	28	0.25
60	78	0.246
60	74	0.211
60	71	0.161
60	36	0.685
60	26	0.396
60	108	0.982
60	42	0.895
60	67	0.34700000000000003
60	61	0.718
60	85	0.304
60	57	0.16899999999999998
60	110	0.6859999999999999
60	31	0.239
106	20	0.258
106	92	0.177
106	55	0.279
106	94	0.187
106	5	0.17600000000000002
106	114	0.368
106	82	0.359
106	7	0.243
106	40	0.677
106	105	0.838
106	25	0.556
106	70	0.918
106	113	0.191
106	62	0.219
106	115	0.214
106	66	0.982
106	8	0.936
106	69	0.278
106	19	0.206
106	3	0.337
106	83	0.204
106	18	0.938
106	53	0.361
106	60	0.978
106	6	0.274
106	16	0.254
106	24	0.696
106	110	0.466
106	52	0.444
106	117	0.194
106	116	0.349
106	39	0.284
106	4	0.192
106	77	0.758
106	102	0.208
106	107	0.424
106	72	0.475
106	103	0.212
106	56	0.679
106	78	0.279
106	12	0.936
106	49	0.204
106	26	0.234
106	108	0.98
106	36	0.499
106	74	0.196
106	42	0.747
106	30	0.205
106	15	0.273
106	67	0.174
106	61	0.436
106	21	0.257
106	85	0.151
106	10	0.69
106	64	0.19
106	81	0.238
106	57	0.901
106	97	0.278
106	119	0.979
106	47	0.242
106	33	0.34600000000000003
106	48	0.981
106	112	0.237
106	46	0.3670000000000001
106	58	0.329
106	96	0.159
106	84	0.214
106	9	0.701
106	54	0.7809999999999999
106	44	0.161
106	23	0.257
106	100	0.328
106	13	0.227
106	37	0.946
106	14	0.931
106	43	0.947
106	0	0.252
106	93	0.28800000000000003
106	118	0.784
106	29	0.255
106	34	0.421
106	45	0.547
106	22	0.277
106	17	0.217
48	78	0.221
48	77	0.96
48	39	0.713
48	102	0.441
48	103	0.505
48	56	0.951
48	27	0.659
48	12	0.71
48	1	0.26
48	112	0.8220000000000001
48	55	0.635
48	7	0.53
48	76	0.442
48	79	0.19
48	19	0.738
48	6	0.253
48	75	0.406
48	89	0.171
48	49	0.34
48	98	0.272
48	18	0.911
48	104	0.231
48	71	0.275
48	42	0.977
48	67	0.319
48	61	0.716
48	91	0.345
48	34	0.918
48	69	0.629
48	15	0.518
48	2	0.32299999999999995
48	81	0.594
48	21	0.579
48	96	0.726
48	44	0.408
48	109	0.17
48	23	0.672
48	14	0.63
48	93	0.511
48	106	0.981
48	17	0.531
48	22	0.5760000000000001
48	73	0.44
48	32	0.56
48	114	0.6579999999999999
48	82	0.662
48	50	0.223
48	115	0.789
48	62	0.664
48	66	0.943
48	53	0.63
48	24	0.928
48	52	0.434
48	107	0.935
48	26	0.5720000000000001
48	28	0.345
48	74	0.16699999999999998
48	36	0.866
48	108	0.826
48	110	0.826
48	85	0.243
48	57	0.195
48	31	0.364
48	46	0.5670000000000001
48	38	0.685
48	87	0.365
48	84	0.628
48	54	0.823
48	35	0.151
48	13	0.552
48	37	0.731
48	43	0.899
48	90	0.304
48	29	0.8170000000000001
48	97	0.821
48	92	0.442
48	5	0.493
48	40	0.979
48	25	0.892
48	105	0.98
48	70	0.632
48	113	0.179
48	80	0.16899999999999998
48	3	0.481
48	83	0.703
48	16	0.45
48	47	0.58
48	116	0.6970000000000001
48	51	0.446
48	4	0.473
48	72	0.825
48	30	0.6509999999999999
48	10	0.866
48	64	0.319
48	58	0.5760000000000001
48	9	0.967
48	68	0.241
48	100	0.208
48	41	0.6579999999999999
48	99	0.173
48	118	0.979
48	45	0.91
48	0	0.303
48	33	0.6970000000000001
48	119	0.977
48	63	0.506
48	11	0.312
48	20	0.862
48	95	0.444
48	8	0.81
48	86	0.504
48	60	0.967
42	66	0.339
42	8	0.625
42	97	0.655
42	1	0.215
42	112	0.989
42	92	0.364
42	55	0.54
42	7	0.441
42	5	0.366
42	40	0.974
42	25	0.826
42	105	0.939
42	70	0.237
42	76	0.277
42	83	0.629
42	19	0.48
42	3	0.429
42	75	0.342
42	6	0.168
42	16	0.408
42	51	0.48
42	116	0.304
42	4	0.375
42	72	0.916
42	12	0.638
42	49	0.215
42	98	0.189
42	15	0.455
42	2	0.23
42	30	0.63
42	21	0.53
42	81	0.513
42	10	0.708
42	64	0.211
42	58	0.39
42	96	0.31
42	9	0.995
42	44	0.343
42	109	0.163
42	100	0.166
42	41	0.38
42	68	0.197
42	23	0.276
42	22	0.442
42	14	0.574
42	93	0.434
42	118	0.996
42	106	0.747
42	17	0.365
42	45	0.727
42	0	0.195
42	73	0.441
42	11	0.165
42	119	0.898
42	63	0.364
42	33	0.307
42	47	0.503
42	20	0.6629999999999999
42	82	0.537
42	114	0.5760000000000001
42	115	0.813
42	95	0.375
42	32	0.204
42	50	0.422
42	62	0.277
42	18	0.7340000000000001
42	69	0.481
42	86	0.343
42	60	0.895
42	53	0.659
42	24	0.746
42	52	0.341
42	77	0.823
42	39	0.574
42	102	0.306
42	107	0.8220000000000001
42	34	0.93
42	103	0.44
42	56	0.828
42	27	0.373
42	28	0.343
42	36	0.736
42	26	0.369
42	71	0.317
42	74	0.196
42	108	0.705
42	46	0.348
42	67	0.239
42	61	0.605
42	85	0.163
42	31	0.239
42	110	0.7490000000000001
42	38	0.481
42	87	0.24
42	84	0.433
42	54	0.7190000000000001
42	13	0.54
42	37	0.669
42	91	0.25
42	43	0.8270000000000001
42	48	0.977
42	90	0.192
42	29	0.628
85	97	0.906
85	55	0.204
85	40	0.215
85	105	0.305
85	25	0.187
85	83	0.161
85	89	0.243
85	72	0.229
85	10	0.151
85	98	0.408
85	2	0.903
85	64	0.28
85	9	0.215
85	14	0.16699999999999998
85	118	0.213
85	93	0.211
85	106	0.151
85	45	0.196
85	22	0.154
85	119	0.3720000000000001
85	63	0.7070000000000001
85	114	0.212
85	8	0.153
85	62	0.929
85	69	0.188
85	18	0.248
85	60	0.304
85	102	0.321
85	77	0.337
85	39	0.16699999999999998
85	107	0.303
85	56	0.18600000000000005
85	36	0.171
85	108	0.191
85	42	0.163
85	61	0.304
85	110	0.157
85	84	0.264
85	91	0.902
85	48	0.243
85	43	0.375
85	90	0.921
85	34	0.15
50	9	0.196
50	3	0.16899999999999998
50	107	0.394
50	46	0.163
50	77	0.56
50	97	0.19
50	42	0.422
50	72	0.15
50	47	0.213
50	56	0.162
50	119	0.304
50	40	0.422
50	71	0.82
50	108	0.383
50	36	0.244
50	114	0.184
50	105	0.215
50	70	0.17800000000000002
50	115	0.35700000000000004
50	66	0.193
50	44	0.236
50	54	0.163
50	18	0.199
50	51	0.255
50	34	0.5379999999999999
50	14	0.256
50	43	0.183
50	41	0.152
50	48	0.223
50	118	0.183
50	45	0.16699999999999998
50	22	0.266
50	0	0.161
50	4	0.205
76	77	0.595
76	39	0.187
76	97	0.192
76	107	0.204
76	72	0.35100000000000003
76	12	0.285
76	119	0.354
76	78	0.264
76	56	0.256
76	49	0.235
76	108	0.213
76	61	0.165
76	82	0.7390000000000001
76	42	0.277
76	40	0.277
76	105	0.462
76	25	0.27
76	80	0.489
76	10	0.249
76	81	0.181
76	110	0.38
76	69	0.159
76	18	0.211
76	3	0.162
76	9	0.422
76	54	0.28
76	86	0.258
76	79	0.189
76	60	0.32299999999999995
76	37	0.257
76	23	0.773
76	24	0.516
76	43	0.18
76	48	0.442
76	75	0.6579999999999999
76	118	0.575
76	45	0.478
76	29	0.17
76	17	0.191
23	97	0.52
23	77	0.5379999999999999
23	56	0.345
23	107	0.239
23	72	0.152
23	119	0.398
23	78	0.268
23	12	0.153
23	49	0.237
23	26	0.208
23	20	0.151
23	108	0.313
23	36	0.239
23	25	0.241
23	114	0.27
23	5	0.171
23	82	0.706
23	105	0.495
23	42	0.276
23	40	0.261
23	69	0.187
23	10	0.205
23	80	0.422
23	81	0.412
23	76	0.773
23	110	0.3670000000000001
23	46	0.165
23	84	0.163
23	9	0.386
23	54	0.277
23	18	0.206
23	86	0.396
23	79	0.242
23	60	0.307
23	53	0.225
23	37	0.183
23	24	0.63
23	43	0.21
23	14	0.232
23	48	0.672
23	75	0.703
23	118	0.716
23	106	0.257
23	45	0.634
23	22	0.17600000000000002
23	29	0.181
23	17	0.21
93	60	0.441
93	97	0.48
93	112	0.5770000000000001
93	92	0.244
93	55	0.821
93	94	0.304
93	5	0.151
93	40	0.364
93	25	0.325
93	105	0.4970000000000001
93	3	0.151
93	83	0.787
93	16	0.163
93	116	0.151
93	89	0.237
93	4	0.18600000000000005
93	72	0.342
93	12	0.206
93	98	0.205
93	22	0.18600000000000005
93	21	0.277
93	10	0.228
93	64	0.364
93	81	0.173
93	58	0.191
93	96	0.16899999999999998
93	9	0.633
93	44	0.271
93	41	0.304
93	14	0.304
93	118	0.509
93	106	0.28800000000000003
93	45	0.3670000000000001
93	73	0.491
93	119	0.7979999999999999
93	63	0.71
93	47	0.349
93	114	0.206
93	62	0.442
93	66	0.278
93	8	0.228
93	69	0.215
93	18	0.639
93	53	0.196
93	24	0.345
93	52	0.159
93	77	0.515
93	39	0.504
93	102	0.366
93	107	0.4920000000000001
93	103	0.823
93	56	0.32299999999999995
93	74	0.15
93	36	0.63
93	108	0.29
93	42	0.434
93	85	0.211
93	61	0.439
93	110	0.442
93	84	0.365
93	54	0.304
93	13	0.5760000000000001
93	91	0.151
93	37	0.256
93	43	0.6779999999999999
93	48	0.511
93	90	0.29
93	34	0.214
12	82	0.277
12	97	0.442
12	73	0.277
12	119	0.759
12	63	0.29
12	33	0.279
12	47	0.206
12	112	0.369
12	1	0.392
12	11	0.417
12	20	0.642
12	5	0.515
12	114	0.242
12	55	0.304
12	92	0.304
12	76	0.285
12	40	0.6609999999999999
12	7	0.654
12	105	0.747
12	25	0.338
12	8	0.753
12	66	0.922
12	95	0.56
12	62	0.294
12	115	0.244
12	69	0.441
12	83	0.305
12	3	0.695
12	18	0.499
12	86	0.31
12	60	0.65
12	53	0.342
12	6	0.26
12	16	0.274
12	24	0.483
12	75	0.485
12	117	0.151
12	91	0.413
12	14	0.6990000000000001
12	43	0.889
12	48	0.71
12	118	0.6709999999999999
12	93	0.206
12	90	0.153
12	106	0.936
12	34	0.184
12	45	0.585
12	22	0.65
12	0	0.496
12	17	0.491
12	116	0.334
12	4	0.575
12	77	0.848
12	39	0.453
12	102	0.314
12	107	0.87
12	72	0.504
12	103	0.409
12	56	0.662
12	28	0.313
12	78	0.221
12	49	0.211
12	26	0.58
12	36	0.642
12	108	0.4970000000000001
12	42	0.638
12	2	0.345
12	15	0.958
12	67	0.204
12	61	0.63
12	21	0.209
12	10	0.857
12	81	0.307
12	110	0.531
12	31	0.408
12	96	0.472
12	38	0.154
12	58	0.639
12	87	0.151
12	84	0.662
12	9	0.6779999999999999
12	54	0.53
12	23	0.153
12	68	0.15
12	100	0.247
12	37	0.94
13	114	0.19
13	62	0.442
13	66	0.197
13	8	0.2
13	69	0.44
13	18	0.44
13	60	0.493
13	53	0.319
13	24	0.4970000000000001
13	77	0.629
13	39	0.63
13	107	0.48
13	102	0.44
13	103	0.455
13	27	0.165
13	56	0.199
13	108	0.182
13	36	0.984
13	42	0.54
13	61	0.37
13	110	0.58
13	84	0.69
13	54	0.282
13	37	0.227
13	91	0.4
13	43	0.682
13	48	0.552
13	90	0.599
13	116	0.241
13	97	0.48
13	112	0.923
13	55	0.66
13	101	0.396
13	92	0.21
13	5	0.168
13	40	0.343
13	105	0.493
13	25	0.277
13	113	0.197
13	83	0.982
13	89	0.193
13	72	0.448
13	98	0.163
13	2	0.16899999999999998
13	21	0.199
13	10	0.187
13	64	0.343
13	81	0.165
13	58	0.312
13	9	0.894
13	118	0.674
13	14	0.206
13	41	0.228
13	93	0.5760000000000001
13	73	0.964
13	106	0.227
13	45	0.365
13	22	0.196
13	63	0.544
13	119	0.82
101	97	0.182
101	105	0.195
101	3	0.154
101	58	0.214
101	14	0.185
101	22	0.17
101	119	0.627
101	63	0.245
101	62	0.155
101	18	0.512
101	60	0.151
101	107	0.277
101	77	0.5489999999999999
101	102	0.21
101	61	0.23
101	84	0.163
101	13	0.396
101	43	0.191
119	94	0.277
119	55	0.893
119	7	0.531
119	26	0.47
119	76	0.354
119	19	0.306
119	6	0.348
119	75	0.34
119	89	0.407
119	98	0.38
119	12	0.759
119	49	0.35100000000000003
119	15	0.6629999999999999
119	2	0.7020000000000001
119	21	0.614
119	81	0.638
119	96	0.551
119	109	0.212
119	44	0.392
119	74	0.305
119	36	0.901
119	108	0.981
119	85	0.3720000000000001
119	57	0.544
119	110	0.792
119	31	0.304
119	46	0.527
119	38	0.406
119	23	0.398
119	14	0.923
119	93	0.7979999999999999
119	106	0.979
119	54	0.9
119	84	0.83
119	87	0.838
119	35	0.19
119	37	0.8220000000000001
119	13	0.82
119	43	0.987
119	48	0.977
119	90	0.442
119	29	0.574
119	97	0.918
119	92	0.63
119	101	0.627
119	5	0.493
119	40	0.925
119	25	0.933
119	105	0.981
119	80	0.236
119	113	0.277
119	70	0.408
119	3	0.875
119	83	0.823
119	16	0.526
119	117	0.206
119	51	0.371
119	116	0.71
119	4	0.649
119	72	0.715
119	30	0.43
119	10	0.833
119	64	0.501
119	58	0.7090000000000001
119	9	0.968
119	100	0.302
119	68	0.284
119	99	0.236
119	41	0.403
119	118	0.966
119	45	0.875
119	0	0.539
119	63	0.847
119	17	0.443
119	22	0.8290000000000001
119	47	0.774
119	73	0.705
119	33	0.495
119	11	0.588
119	20	0.579
119	95	0.402
119	8	0.705
119	91	0.491
119	34	0.723
119	115	0.7509999999999999
119	62	0.828
119	50	0.304
119	114	0.659
119	82	0.51
119	32	0.28600000000000003
119	66	0.472
119	69	0.664
119	104	0.246
119	18	0.974
119	53	0.7929999999999999
119	24	0.892
119	52	0.443
119	107	0.984
119	28	0.32299999999999995
119	1	0.429
119	112	0.826
119	88	0.16899999999999998
119	86	0.718
119	60	0.966
119	39	0.823
119	77	0.981
119	102	0.774
119	103	0.926
119	27	0.442
119	56	0.996
119	78	0.292
119	71	0.304
119	42	0.898
119	67	0.366
119	61	0.949
117	105	0.16899999999999998
117	7	0.151
117	77	0.187
117	107	0.227
117	56	0.206
117	119	0.206
117	108	0.212
117	12	0.151
117	36	0.163
117	37	0.161
117	61	0.29100000000000004
117	70	0.248
117	115	0.185
117	66	0.272
117	10	0.183
117	54	0.205
117	3	0.21600000000000005
117	18	0.151
117	109	0.916
117	43	0.404
117	14	0.275
117	106	0.194
117	4	0.206
117	0	0.199
117	22	0.29
116	53	0.211
116	92	0.206
116	97	0.3670000000000001
116	33	0.234
116	119	0.71
116	63	0.19
116	20	0.151
116	47	0.165
116	112	0.277
116	55	0.305
116	114	0.237
116	82	0.153
116	40	0.481
116	7	0.19
116	105	0.63
116	25	0.336
116	8	0.252
116	70	0.192
116	62	0.159
116	115	0.364
116	66	0.277
116	69	0.215
116	3	0.34
116	18	0.459
116	86	0.206
116	60	0.441
116	24	0.343
116	16	0.188
116	77	0.705
116	4	0.23
116	39	0.313
116	72	0.194
116	102	0.19
116	107	0.775
116	103	0.22
116	56	0.442
116	12	0.334
116	78	0.175
116	9	0.424
116	36	0.35100000000000003
116	108	0.378
116	42	0.304
116	61	0.971
116	21	0.294
116	10	0.361
116	81	0.314
116	110	0.24
116	58	0.588
116	84	0.16899999999999998
116	87	0.153
116	14	0.397
116	0	0.273
116	22	0.267
116	54	0.573
116	43	0.94
116	37	0.386
116	13	0.241
116	91	0.17
116	48	0.6970000000000001
116	93	0.151
116	118	0.443
116	90	0.215
116	106	0.349
116	34	0.199
116	29	0.161
116	45	0.304
17	20	0.579
17	96	0.408
17	58	0.2
17	14	0.938
17	9	0.504
17	44	0.248
17	100	0.322
17	23	0.21
17	118	0.501
17	106	0.217
17	45	0.3670000000000001
17	22	0.911
17	0	0.917
17	73	0.339
17	33	0.39
17	119	0.443
17	63	0.241
17	11	0.931
17	82	0.282
17	95	0.441
17	32	0.27
17	115	0.23
17	62	0.19
17	8	0.955
17	69	0.18600000000000005
17	18	0.153
17	86	0.379
17	60	0.398
17	53	0.215
17	24	0.504
17	75	0.161
17	97	0.277
17	112	0.206
17	1	0.913
17	5	0.981
17	19	0.215
17	7	0.948
17	40	0.384
17	25	0.961
17	105	0.504
17	80	0.299
17	76	0.191
17	83	0.254
17	3	0.925
17	79	0.175
17	16	0.384
17	6	0.238
17	4	0.931
17	72	0.159
17	12	0.491
17	103	0.542
17	15	0.317
17	2	0.922
17	30	0.306
17	10	0.959
17	81	0.195
17	39	0.242
17	77	0.499
17	102	0.213
17	107	0.947
17	27	0.38
17	56	0.379
17	28	0.95
17	78	0.206
17	36	0.242
17	26	0.944
17	74	0.205
17	108	0.319
17	42	0.365
17	61	0.161
17	31	0.955
17	110	0.441
17	90	0.277
17	38	0.4
17	84	0.97
17	54	0.321
17	35	0.905
17	37	0.153
17	91	0.929
17	43	0.305
17	48	0.531
17	34	0.473
17	29	0.5770000000000001
28	24	0.204
28	6	0.284
28	16	0.165
28	4	0.921
28	77	0.321
28	39	0.161
28	102	0.151
28	107	0.933
28	72	0.28600000000000003
28	27	0.276
28	56	0.639
28	12	0.313
28	36	0.311
28	26	0.935
28	108	0.341
28	2	0.915
28	42	0.343
28	15	0.394
28	30	0.277
28	10	0.938
28	61	0.185
28	21	0.304
28	81	0.15
28	110	0.229
28	31	0.941
28	38	0.275
28	84	0.936
28	96	0.277
28	9	0.28
28	54	0.254
28	35	0.916
28	22	0.938
28	17	0.95
28	91	0.914
28	37	0.33
28	14	0.929
28	43	0.221
28	48	0.345
28	0	0.91
28	118	0.304
28	90	0.161
28	34	0.408
28	45	0.24
28	29	0.441
28	60	0.25
28	97	0.161
28	73	0.396
28	119	0.32299999999999995
28	20	0.5720000000000001
28	63	0.15
28	33	0.276
28	47	0.25
28	1	0.909
28	112	0.234
28	11	0.925
28	5	0.939
28	114	0.18600000000000005
28	115	0.29
28	25	0.937
28	7	0.931
28	40	0.365
28	105	0.32299999999999995
28	95	0.32299999999999995
28	32	0.19
28	8	0.938
28	3	0.911
28	19	0.247
28	83	0.273
28	18	0.343
71	107	0.361
71	77	0.245
71	4	0.165
71	119	0.304
71	72	0.16899999999999998
71	55	0.189
71	56	0.596
71	47	0.277
71	36	0.277
71	108	0.41
71	46	0.151
71	61	0.16899999999999998
71	40	0.313
71	114	0.236
71	25	0.159
71	42	0.317
71	105	0.242
71	115	0.373
71	50	0.82
71	70	0.228
71	66	0.187
71	43	0.21
71	18	0.213
71	9	0.228
71	54	0.204
71	60	0.161
71	44	0.234
71	22	0.277
71	118	0.2
71	14	0.27
71	48	0.275
71	45	0.217
71	34	0.422
71	51	0.813
61	119	0.949
61	97	0.792
61	73	0.21
61	63	0.69
61	47	0.16899999999999998
61	33	0.181
61	77	0.915
61	1	0.292
61	7	0.321
61	11	0.161
61	112	0.742
61	20	0.304
61	101	0.23
61	40	0.654
61	92	0.305
61	55	0.7390000000000001
61	5	0.215
61	114	0.25
61	82	0.161
61	25	0.634
61	105	0.784
61	32	0.19
61	95	0.165
61	115	0.38
61	62	0.364
61	70	0.238
61	83	0.408
61	66	0.364
61	8	0.417
61	76	0.165
61	69	0.48
61	3	0.526
61	18	0.6809999999999999
61	86	0.159
61	4	0.642
61	60	0.718
61	53	0.441
